10	5.999996669009199e-08
20	5.999986676045016e-08
30	5.999970021132108e-08
10	5.999996669009199e-08
20	5.999986676045016e-08
30	5.999970021132108e-08
40	5.999946704311569e-08
50	5.999916725640932e-08
60	5.999880085194163e-08
70	5.999836783061673e-08
80	5.999786819350303e-08
90	5.999730194183334e-08
100	5.999666907700483e-08
110	5.999596960057903e-08
120	5.999520351428184e-08
130	5.999437082000348e-08
140	5.999347151979856e-08
150	5.999250561588601e-08
160	5.99914731106491e-08
170	5.999037400663542e-08
180	5.998920830655692e-08
190	5.998797601328984e-08
200	5.998667712987474e-08
210	5.99853116595165e-08
220	5.998387960558426e-08
230	5.998238097161149e-08
240	5.99808157612959e-08
250	5.997918397849951e-08
260	5.997748562724858e-08
270	5.99757207117336e-08
280	5.997388923630937e-08
290	5.997199120549482e-08
300	5.997002662397319e-08
310	5.996799549659187e-08
320	5.996589782836247e-08
330	5.996373362446078e-08
340	5.996150289022676e-08
350	5.995920563116453e-08
360	5.995684185294232e-08
370	5.995441156139254e-08
380	5.995191476251172e-08
390	5.994935146246041e-08
400	5.994672166756332e-08
410	5.994402538430922e-08
420	5.994126261935092e-08
430	5.993843337950525e-08
440	5.993553767175307e-08
450	5.993257550323929e-08
460	5.992954688127273e-08
470	5.992645181332624e-08
480	5.992329030703657e-08
490	5.992006237020444e-08
500	5.991676801079445e-08
510	5.991340723693511e-08
520	5.990998005691879e-08
530	5.990648647920174e-08
540	5.990292651240398e-08
550	5.98993001653094e-08
560	5.989560744686565e-08
570	5.989184836618413e-08
580	5.988802293254001e-08
590	5.988413115537216e-08
600	5.988017304428316e-08
610	5.987614860903925e-08
620	5.987205785957032e-08
630	5.98679008059699e-08
640	5.98636774584951e-08
650	5.985938782756662e-08
660	5.985503192376866e-08
670	5.985060975784903e-08
680	5.984612134071897e-08
690	5.984156668345318e-08
700	5.983694579728985e-08
710	5.983225869363054e-08
720	5.982750538404023e-08
730	5.982268588024721e-08
740	5.981780019414316e-08
750	5.981284833778301e-08
760	5.980783032338497e-08
770	5.980274616333049e-08
780	5.979759587016424e-08
790	5.979237945659405e-08
800	5.97870969354909e-08
810	5.978174831988889e-08
820	5.97763336229852e-08
830	5.977085285814004e-08
840	5.976530603887667e-08
850	5.975969317888131e-08
860	5.975401429200314e-08
870	5.974826939225423e-08
880	5.974245849380958e-08
890	5.973658161100697e-08
900	5.973063875834704e-08
910	5.97246299504932e-08
920	5.971855520227157e-08
930	5.971241452867099e-08
940	5.970620794484295e-08
950	5.969993546610163e-08
960	5.969359710792367e-08
970	5.96871928859484e-08
980	5.968072281597757e-08
990	5.967418691397545e-08
1000	5.966758519606872e-08
1010	5.966091767854646e-08
1020	5.96541843778601e-08
1030	5.964738531062343e-08
1040	5.964052049361244e-08
1050	5.963358994376537e-08
1060	5.96265936781827e-08
1070	5.961953171412699e-08
1080	5.961240406902294e-08
1090	5.960521076045732e-08
1100	5.959795180617889e-08
1110	5.95906272240984e-08
1120	5.958323703228854e-08
1130	5.957578124898386e-08
1140	5.956825989258076e-08
1150	5.956067298163747e-08
1160	5.95530205348739e-08
1170	5.954530257117172e-08
1180	5.953751910957423e-08
1190	5.952967016928636e-08
1200	5.952175576967459e-08
1210	5.951377593026691e-08
1220	5.950573067075276e-08
1230	5.949762001098305e-08
1240	5.948944397097001e-08
1250	5.9481202570887216e-08
1260	5.947289583106949e-08
1270	5.94645237720129e-08
1280	5.945608641437466e-08
1290	5.9447583778973116e-08
1300	5.9439015886787666e-08
1310	5.943038275895875e-08
1320	5.942168441678774e-08
1330	5.941292088173693e-08
1340	5.940409217542948e-08
1350	5.9395198319649343e-08
1360	5.938623933634122e-08
1370	5.937721524761051e-08
1380	5.9368126075723256e-08
1390	5.9358971843106086e-08
1400	5.934975257234618e-08
1410	5.934046828619113e-08
1420	5.933111900754902e-08
1430	5.932170475948827e-08
1440	5.931222556523758e-08
1450	5.930268144818593e-08
1460	5.929307243188247e-08
1470	5.928339854003651e-08
1480	5.927365979651742e-08
1490	5.9263856225354546e-08
1500	5.925398785073726e-08
1510	5.9244054697014785e-08
1520	5.923405678869619e-08
1530	5.922399415045032e-08
1540	5.9213866807105734e-08
1550	5.920367478365064e-08
1560	5.919341810523285e-08
1570	5.91830967971597e-08
1580	5.917271088489798e-08
1590	5.916226039407392e-08
1600	5.915174535047304e-08
1610	5.9141165780040175e-08
1620	5.9130521708879364e-08
1630	5.9119813163253794e-08
1640	5.9109040169585746e-08
1650	5.909820275445649e-08
1660	5.9087300944606293e-08
1670	5.9076334766934275e-08
1680	5.906530424849839e-08
1690	5.905420941651535e-08
1700	5.9043050298360544e-08
1710	5.903182692156799e-08
1720	5.902053931383026e-08
1730	5.900918750299839e-08
1740	5.8997771517081864e-08
1750	5.898629138424847e-08
1760	5.897474713282431e-08
1770	5.896313879129368e-08
1780	5.8951466388299e-08
1790	5.893972995264076e-08
1800	5.892792951327745e-08
1810	5.89160650993255e-08
1820	5.890413674005915e-08
1830	5.889214446491045e-08
1840	5.8880088303469144e-08
1850	5.886796828548261e-08
1860	5.885578444085579e-08
1870	5.884353679965113e-08
1880	5.8831225392088416e-08
1890	5.881885024854487e-08
1900	5.8806411399554903e-08
1910	5.879390887581016e-08
1920	5.878134270815936e-08
1930	5.8768712927608256e-08
1940	5.8756019565319625e-08
1950	5.874326265261303e-08
1960	5.873044222096491e-08
1970	5.871755830200838e-08
1980	5.870461092753327e-08
1990	5.869160012948589e-08
2000	5.867852593996914e-08
2010	5.8665388391242256e-08
2020	5.8652187515720826e-08
2030	5.863892334597673e-08
2040	5.862559591473795e-08
2050	5.861220525488861e-08
2060	5.8598751399468855e-08
2070	5.8585234381674714e-08
2080	5.8571654234858095e-08
2090	5.855801099252664e-08
2100	5.8544304688343716e-08
2110	5.8530535356128257e-08
2120	5.8516703029854724e-08
2130	5.850280774365301e-08
2140	5.848884953180834e-08
2150	5.847482842876122e-08
2160	5.846074446910734e-08
2170	5.8446597687597445e-08
2180	5.8432388119137336e-08
2190	5.841811579878771e-08
2200	5.840378076176409e-08
2210	5.838938304343675e-08
2220	5.837492267933063e-08
2230	5.836039970512525e-08
2240	5.83458141566546e-08
2250	5.833116606990707e-08
2260	5.831645548102536e-08
2270	5.830168242630639e-08
2280	5.828684694220119e-08
2290	5.827194906531486e-08
2300	5.8256988832406415e-08
2310	5.8241966280388746e-08
2320	5.822688144632852e-08
2330	5.821173436744605e-08
2340	5.8196525081115256e-08
2350	5.818125362486353e-08
2360	5.816592003637169e-08
2370	5.8150524353473827e-08
2380	5.813506661415726e-08
2390	5.8119546856562426e-08
2400	5.8103965118982785e-08
2410	5.808832143986472e-08
2420	5.8072615857807464e-08
2430	5.805684841156297e-08
2440	5.8041019140035854e-08
2450	5.8025128082283255e-08
2460	5.800917527751479e-08
2470	5.799316076509243e-08
2480	5.797708458453036e-08
2490	5.796094677549499e-08
2500	5.794474737780474e-08
2510	5.7928486431430015e-08
2520	5.79121639764931e-08
2530	5.7895780053268e-08
2540	5.787933470218045e-08
2550	5.78628279638077e-08
2560	5.7846259878878495e-08
2570	5.782963048827293e-08
2580	5.781293983302237e-08
2590	5.779618795430935e-08
2600	5.777937489346748e-08
2610	5.77625006919813e-08
2620	5.774556539148624e-08
2630	5.772856903376845e-08
2640	5.771151166076477e-08
2650	5.769439331456256e-08
2660	5.7677214037399644e-08
2670	5.7659973871664185e-08
2680	5.764267285989457e-08
2690	5.762531104477933e-08
2700	5.760788846915702e-08
2710	5.75904051760161e-08
2720	5.757286120849488e-08
2730	5.7555256609881335e-08
2740	5.753759142361308e-08
2750	5.751986569327719e-08
2760	5.750207946261015e-08
2770	5.748423277549772e-08
2780	5.7466325675974817e-08
2790	5.744835820822544e-08
2800	5.743033041658253e-08
2810	5.741224234552785e-08
2820	5.739409403969194e-08
2830	5.737588554385393e-08
2840	5.735761690294147e-08
2850	5.733928816203063e-08
2860	5.732089936634574e-08
2870	5.730245056125934e-08
2880	5.7283941792292017e-08
2890	5.7265373105112315e-08
2900	5.724674454553661e-08
2910	5.722805615952906e-08
2920	5.720930799320137e-08
2930	5.7190500092812773e-08
2940	5.7171632504769915e-08
2950	5.715270527562667e-08
2960	5.713371845208412e-08
2970	5.711467208099034e-08
2980	5.709556620934037e-08
2990	5.7076400884276056e-08
3000	5.705717615308592e-08
3010	5.7037892063205085e-08
3020	5.701854866221513e-08
3030	5.699914599784394e-08
3040	5.69796841179657e-08
3050	5.6960163070600644e-08
3060	5.694058290391502e-08
3070	5.692094366622094e-08
3080	5.6901245405976284e-08
3090	5.6881488171784543e-08
3100	5.686167201239472e-08
3110	5.6841796976701226e-08
3120	5.682186311374374e-08
3130	5.680187047270707e-08
3140	5.678181910292109e-08
3150	5.676170905386056e-08
3160	5.6741540375145014e-08
3170	5.6721313116538677e-08
3180	5.6701027327950284e-08
3190	5.668068305943301e-08
3200	5.6660280361184314e-08
3210	5.663981928354582e-08
3220	5.661929987700322e-08
3230	5.65987221921861e-08
3240	5.657808627986784e-08
3250	5.655739219096552e-08
3260	5.653663997653974e-08
3270	5.651582968779452e-08
3280	5.649496137607719e-08
3290	5.647403509287823e-08
3300	5.645305088983116e-08
3310	5.643200881871242e-08
3320	5.641090893144122e-08
3330	5.638975128007946e-08
3340	5.636853591683151e-08
3350	5.634726289404419e-08
3360	5.6325932264206546e-08
3370	5.630454407994982e-08
3380	5.62830983940472e-08
3390	5.626159525941381e-08
3400	5.6240034729106476e-08
3410	5.621841685632367e-08
3420	5.6196741694405356e-08
3430	5.6175009296832815e-08
3440	5.615321971722861e-08
3450	5.613137300935634e-08
3460	5.6109469227120586e-08
3470	5.608750842456676e-08
3480	5.606549065588097e-08
3490	5.604341597538984e-08
3500	5.6021284437560485e-08
3510	5.5999096097000256e-08
3520	5.597685100845668e-08
3530	5.595454922681729e-08
3540	5.593219080710954e-08
3550	5.59097758045006e-08
3560	5.588730427429724e-08
3570	5.586477627194576e-08
3580	5.5842191853031737e-08
3590	5.581955107327999e-08
3600	5.57968539885544e-08
3610	5.577410065485776e-08
3620	5.575129112833166e-08
3630	5.5728425465256346e-08
3640	5.570550372205056e-08
3650	5.5682525955271424e-08
3660	5.565949222161429e-08
3670	5.563640257791263e-08
3680	5.5613257081137824e-08
3690	5.5590055788399075e-08
3700	5.5566798756943296e-08
3710	5.554348604415487e-08
3720	5.5520117707555616e-08
3730	5.549669380480458e-08
3740	5.547321439369791e-08
3750	5.5449679532168715e-08
3760	5.542608927828694e-08
3770	5.5402443690259174e-08
3780	5.5378742826428566e-08
3790	5.535498674527464e-08
3800	5.533117550541316e-08
3810	5.5307309165596e-08
3820	5.528338778471098e-08
3830	5.5259411421781724e-08
3840	5.523538013596753e-08
3850	5.521129398656321e-08
3860	5.518715303299893e-08
3870	5.51629573348401e-08
3880	5.5138706951787206e-08
3890	5.511440194367566e-08
3900	5.509004237047563e-08
3910	5.5065628292291964e-08
3920	5.504115976936397e-08
3930	5.501663686206527e-08
3940	5.499205963090375e-08
3950	5.4967428136521246e-08
3960	5.494274243969353e-08
3970	5.491800260133011e-08
3980	5.489320868247408e-08
3990	5.486836074430196e-08
4000	5.484345884812357e-08
4010	5.481850305538188e-08
4020	5.47934934276528e-08
4030	5.4768430026645125e-08
4040	5.474331291420029e-08
4050	5.4718142152292275e-08
4060	5.4692917803027444e-08
4070	5.466763992864435e-08
4080	5.464230859151366e-08
4090	5.4616923854137916e-08
4100	5.4591485779151444e-08
4110	5.4565994429320143e-08
4120	5.4540449867541406e-08
4130	5.45148521568439e-08
4140	5.448920136038742e-08
4150	5.4463497541462767e-08
4160	5.443774076349155e-08
4170	5.4411931090026055e-08
4180	5.4386068584749106e-08
4190	5.4360153311473845e-08
4200	5.4334185334143637e-08
4210	5.4308164716831885e-08
4220	5.428209152374188e-08
4230	5.425596581920662e-08
4240	5.422978766768871e-08
4250	5.420355713378011e-08
4260	5.417727428220207e-08
4270	5.4150939177804905e-08
4280	5.4124551885567867e-08
4290	5.4098112470598994e-08
4300	5.40716209981349e-08
4310	5.404507753354066e-08
4320	5.401848214230963e-08
4330	5.3991834890063304e-08
4340	5.396513584255112e-08
4350	5.3938385065650324e-08
4360	5.391158262536581e-08
4370	5.388472858782992e-08
4380	5.385782301930234e-08
4390	5.383086598616986e-08
4400	5.380385755494631e-08
4410	5.377679779227228e-08
4420	5.374968676491506e-08
4430	5.372252453976842e-08
4440	5.369531118385244e-08
4450	5.366804676431337e-08
4460	5.364073134842347e-08
4470	5.36133650035808e-08
4480	5.358594779730908e-08
4490	5.3558479797257585e-08
4500	5.353096107120083e-08
4510	5.3503391687038556e-08
4520	5.347577171279549e-08
4530	5.3448101216621145e-08
4540	5.3420380266789736e-08
4550	5.339260893169995e-08
4560	5.33647872798748e-08
4570	5.3336915379961436e-08
4580	5.3308993300731e-08
4590	5.328102111107846e-08
4600	5.32529988800224e-08
4610	5.32249266767049e-08
4620	5.3196804570391325e-08
4630	5.3168632630470174e-08
4640	5.314041092645292e-08
4650	5.311213952797379e-08
4660	5.308381850478967e-08
4670	5.305544792677987e-08
4680	5.302702786394595e-08
4690	5.299855838641162e-08
4700	5.297003956442246e-08
4710	5.294147146834584e-08
4720	5.291285416867069e-08
4730	5.2884187736007365e-08
4740	5.285547224108743e-08
4750	5.28267077547635e-08
4760	5.279789434800912e-08
4770	5.276903209191848e-08
4780	5.2740121057706326e-08
4790	5.271116131670778e-08
4800	5.2682152940378106e-08
4810	5.26530960002926e-08
4820	5.262399056814637e-08
4830	5.259483671575418e-08
4840	5.2565634515050253e-08
4850	5.2536384038088125e-08
4860	5.250708535704044e-08
4870	5.2477738544198774e-08
4880	5.244834367197348e-08
4890	5.241890081289348e-08
4900	5.238941003960609e-08
4910	5.2359871424876884e-08
4920	5.233028504158943e-08
4930	5.2300650962745225e-08
4940	5.227096926146337e-08
4950	5.224124001098054e-08
4960	5.2211463284650705e-08
4970	5.2181639155944964e-08
4980	5.215176769845139e-08
4990	5.212184898587485e-08
5000	5.2091883092036774e-08
5010	5.2061870090875046e-08
5020	5.203181005644375e-08
5030	5.200170306291305e-08
5040	5.1971549184568925e-08
5050	5.1941348495813105e-08
5060	5.191110107116277e-08
5070	5.188080698525044e-08
5080	5.185046631282376e-08
5090	5.182007912874532e-08
5100	5.178964550799248e-08
5110	5.175916552565717e-08
5120	5.1728639256945724e-08
5130	5.1698066777178675e-08
5140	5.1667448161790565e-08
5150	5.16367834863298e-08
5160	5.1606072826458407e-08
5170	5.1575316257951885e-08
5180	5.154451385669902e-08
5190	5.151366569870166e-08
5200	5.148277186007459e-08
5210	5.1451832417045263e-08
5220	5.1420847445953697e-08
5230	5.1389817023252216e-08
5240	5.1358741225505314e-08
5250	5.1327620129389424e-08
5260	5.129645381169276e-08
5270	5.126524234931511e-08
5280	5.1233985819267656e-08
5290	5.120268429867278e-08
5300	5.1171337864763875e-08
5310	5.113994659488515e-08
5320	5.1108510566491434e-08
5330	5.107702985714801e-08
5340	5.10455045445304e-08
5350	5.101393470642419e-08
5360	5.098232042072479e-08
5370	5.095066176543732e-08
5380	5.0918958818676376e-08
5390	5.0887211658665805e-08
5400	5.0855420363738595e-08
5410	5.082358501233659e-08
5420	5.0791705683010355e-08
5430	5.075978245441897e-08
5440	5.072781540532982e-08
5450	5.0695804614618426e-08
5460	5.0663750161268247e-08
5470	5.063165212437043e-08
5480	5.0599510583123725e-08
5490	5.0567325616834154e-08
5500	5.053509730491495e-08
5510	5.050282572688626e-08
5520	5.0470510962375e-08
5530	5.0438153091114617e-08
5540	5.040575219294496e-08
5550	5.0373308347812027e-08
5560	5.0340821635767776e-08
5570	5.030829213696993e-08
5580	5.027571993168181e-08
5590	5.0243105100272084e-08
5600	5.0210447723214615e-08
5610	5.017774788108823e-08
5620	5.0145005654576535e-08
5630	5.011222112446772e-08
5640	5.0079394371654355e-08
5650	5.00465254771332e-08
5660	5.001361452200497e-08
5670	4.998066158747418e-08
5680	4.994766675484891e-08
5690	4.9914630105540645e-08
5700	4.9881551721064036e-08
5710	4.98484316830367e-08
5720	4.9815270073179034e-08
5730	4.978206697331402e-08
5740	4.974882246536701e-08
5750	4.971553663136552e-08
5760	4.9682209553439024e-08
5770	4.964884131381879e-08
5780	4.961543199483763e-08
5790	4.958198167892971e-08
5800	4.9548490448630364e-08
5810	4.951495838657587e-08
5820	4.948138557550326e-08
5830	4.944777209825011e-08
5840	4.941411803775435e-08
5850	4.938042347705398e-08
5860	4.934668849928703e-08
5870	4.931291318769119e-08
5880	4.927909762560367e-08
5890	4.924524189646101e-08
5900	4.921134608379886e-08
5910	4.917741027125179e-08
5920	4.9143434542553e-08
5930	4.910941898153427e-08
5940	4.907536367212558e-08
5950	4.9041268698355036e-08
5960	4.9007134144348595e-08
5970	4.8972960094329875e-08
5980	4.8938746632619954e-08
5990	4.890449384363713e-08
6000	4.887020181189677e-08
6010	4.883587062201105e-08
6020	4.880150035868877e-08
6030	4.876709110673513e-08
6040	4.873264295105155e-08
6050	4.8698155976635424e-08
6060	4.866363026857993e-08
6070	4.8629065912073824e-08
6080	4.859446299240122e-08
6090	4.8559821594941376e-08
6100	4.8525141805168524e-08
6110	4.849042370865156e-08
6120	4.8455667391053946e-08
6130	4.842087293813346e-08
6140	4.838604043574194e-08
6150	4.835116996982512e-08
6160	4.831626162642242e-08
6170	4.82813154916667e-08
6180	4.824633165178408e-08
6190	4.8211310193093694e-08
6200	4.817625120200752e-08
6210	4.8141154765030136e-08
6220	4.8106020968758504e-08
6230	4.807084989988178e-08
6240	4.8035641645181074e-08
6250	4.800039629152926e-08
6260	4.7965113925890735e-08
6270	4.7929794635321245e-08
6280	4.7894438506967615e-08
6290	4.785904562806758e-08
6300	4.7823616085949553e-08
6310	4.7788149968032406e-08
6320	4.7752647361825265e-08
6330	4.7717108354927264e-08
6340	4.768153303502739e-08
6350	4.76459214899042e-08
6360	4.761027380742564e-08
6370	4.757459007554883e-08
6380	4.753887038231982e-08
6390	4.750311481587341e-08
6400	4.74673234644329e-08
6410	4.74314964163099e-08
6420	4.739563375990409e-08
6430	4.7359735583703e-08
6440	4.732380197628182e-08
6450	4.728783302630314e-08
6460	4.725182882251679e-08
6470	4.721578945375954e-08
6480	4.7179715008954986e-08
6490	4.7143605577113185e-08
6500	4.7107461247330614e-08
6510	4.707128210878979e-08
6520	4.703506825075915e-08
6530	4.699881976259279e-08
6540	4.696253673373024e-08
6550	4.6926219253696274e-08
6560	4.6889867412100665e-08
6570	4.6853481298637977e-08
6580	4.681706100308731e-08
6590	4.678060661531213e-08
6600	4.674411822526002e-08
6610	4.6707595922962453e-08
6620	4.667103979853457e-08
6630	4.663444994217499e-08
6640	4.6597826444165544e-08
6650	4.656116939487106e-08
6660	4.652447888473916e-08
6670	4.648775500430005e-08
6680	4.645099784416624e-08
6690	4.641420749503238e-08
6700	4.6377384047675e-08
6710	4.6340527592952275e-08
6720	4.630363822180386e-08
6730	4.6266716025250623e-08
6740	4.622976109439438e-08
6750	4.619277352041778e-08
6760	4.615575339458397e-08
6770	4.611870080823643e-08
6780	4.608161585279874e-08
6790	4.604449861977434e-08
6800	4.6007349200746304e-08
6810	4.597016768737715e-08
6820	4.593295417140854e-08
6830	4.589570874466115e-08
6840	4.585843149903435e-08
6850	4.582112252650605e-08
6860	4.5783781919132426e-08
6870	4.574640976904771e-08
6880	4.5709006168463985e-08
6890	4.567157120967088e-08
6900	4.5634104985035476e-08
6910	4.5596607587001944e-08
6920	4.555907910809137e-08
6930	4.552151964090157e-08
6940	4.548392927810678e-08
6950	4.544630811245748e-08
6960	4.5408656236780175e-08
6970	4.5370973743977107e-08
6980	4.5333260727026083e-08
6990	4.529551727898024e-08
7000	4.525774349296776e-08
7010	4.521993946219173e-08
7020	4.5182105279929815e-08
7030	4.514424103953411e-08
7040	4.5106346834430875e-08
7050	4.5068422758120275e-08
7060	4.50304689041762e-08
7070	4.499248536624602e-08
7080	4.495447223805034e-08
7090	4.4916429613382765e-08
7100	4.4878357586109707e-08
7110	4.484025625017009e-08
7120	4.480212569957519e-08
7130	4.476396602840833e-08
7140	4.472577733082472e-08
7150	4.468755970105118e-08
7160	4.464931323338589e-08
7170	4.4611038022198226e-08
7180	4.457273416192846e-08
7190	4.453440174708757e-08
7200	4.4496040872256956e-08
7210	4.445765163208828e-08
7220	4.4419234121303176e-08
7230	4.4380788434693044e-08
7240	4.434231466711877e-08
7250	4.430381291351055e-08
7260	4.426528326886767e-08
7270	4.422672582825814e-08
7280	4.4188140686818674e-08
7290	4.414952793975422e-08
7300	4.4110887682337936e-08
7310	4.407222000991078e-08
7320	4.403352501788143e-08
7330	4.399480280172589e-08
7340	4.39560534569874e-08
7350	4.391727707927611e-08
7360	4.387847376426889e-08
7370	4.383964360770905e-08
7380	4.380078670540614e-08
7390	4.376190315323572e-08
7400	4.372299304713907e-08
7410	4.368405648312303e-08
7420	4.364509355725967e-08
7430	4.360610436568617e-08
7440	4.3567089004604465e-08
7450	4.352804757028108e-08
7460	4.348898015904688e-08
7470	4.344988686729681e-08
7480	4.341076779148971e-08
7490	4.3371623028147965e-08
7500	4.333245267385742e-08
7510	4.3293256825267024e-08
7520	4.325403557908863e-08
7530	4.321478903209677e-08
7540	4.3175517281128386e-08
7550	4.313622042308264e-08
7560	4.3096898554920605e-08
7570	4.30575517736651e-08
7580	4.3018180176400375e-08
7590	4.297878386027195e-08
7600	4.2939362922486306e-08
7610	4.289991746031069e-08
7620	4.286044757107287e-08
7630	4.282095335216086e-08
7640	4.278143490102273e-08
7650	4.274189231516632e-08
7660	4.270232569215904e-08
7670	4.26627351296276e-08
7680	4.262312072525776e-08
7690	4.2583482576794146e-08
7700	4.254382078203994e-08
7710	4.250413543885668e-08
7720	4.2464426645163985e-08
7730	4.242469449893939e-08
7740	4.238493909821799e-08
7750	4.234516054109231e-08
7760	4.2305358925711954e-08
7770	4.226553435028348e-08
7780	4.222568691307005e-08
7790	4.2185816712391256e-08
7800	4.214592384662287e-08
7810	4.2106008414196546e-08
7820	4.2066070513599675e-08
7830	4.2026110243375036e-08
7840	4.198612770212063e-08
7850	4.1946122988489405e-08
7860	4.190609620118903e-08
7870	4.1866047438981586e-08
7880	4.1825976800683436e-08
7890	4.1785884385164903e-08
7900	4.1745770291350033e-08
7910	4.170563461821636e-08
7920	4.166547746479465e-08
7930	4.162529893016872e-08
7940	4.1585099113475085e-08
7950	4.154487811390282e-08
7960	4.150463603069323e-08
7970	4.1464372963139644e-08
7980	4.1424089010587197e-08
7990	4.138378427243252e-08
8000	4.134345884812358e-08
8010	4.1303112837159314e-08
8020	4.126274633908952e-08
8030	4.12223594535145e-08
8040	4.11819522800849e-08
8050	4.114152491850138e-08
8060	4.110107746851446e-08
8070	4.1060610029924186e-08
8080	4.102012270257994e-08
8090	4.0979615586380184e-08
8100	4.0939088781272196e-08
8110	4.089854238725185e-08
8120	4.085797650436333e-08
8130	4.081739123269893e-08
8140	4.077678667239876e-08
8150	4.073616292365055e-08
8160	4.069552008668935e-08
8170	4.0654858261797334e-08
8180	4.061417754930349e-08
8190	4.057347804958346e-08
8200	4.053275986305919e-08
8210	4.049202309019877e-08
8220	4.0451267831516136e-08
8230	4.0410494187570835e-08
8240	4.036970225896778e-08
8250	4.0328892146357e-08
8260	4.02880639504334e-08
8270	4.024721777193648e-08
8280	4.020635371165014e-08
8290	4.016547187040237e-08
8300	4.012457234906507e-08
8310	4.008365524855373e-08
8320	4.0042720669827216e-08
8330	4.0001768713887556e-08
8340	3.996079948177961e-08
8350	3.9919813074590905e-08
8360	3.987880959345131e-08
8370	3.983778913953286e-08
8380	3.979675181404942e-08
8390	3.9755697718256525e-08
8400	3.971462695345108e-08
8410	3.96735396209711e-08
8420	3.9632435822195516e-08
8430	3.9591315658543835e-08
8440	3.9550179231476e-08
8450	3.950902664249204e-08
8460	3.946785799313189e-08
8470	3.942667338497508e-08
8480	3.938547291964056e-08
8490	3.934425669878637e-08
8500	3.930302482410945e-08
8510	3.926177739734533e-08
8520	3.9220514520267947e-08
8530	3.9179236294689345e-08
8540	3.9137942822459454e-08
8550	3.90966342054658e-08
8560	3.905531054563329e-08
8570	3.9013971944923945e-08
8580	3.897261850533667e-08
8590	3.893125032890695e-08
8600	3.888986751770665e-08
8610	3.884847017384374e-08
8620	3.880705839946206e-08
8630	3.8765632296741045e-08
8640	3.872419196789548e-08
8650	3.868273751517524e-08
8660	3.864126904086511e-08
8670	3.85997866472844e-08
8680	3.855829043678679e-08
8690	3.851678051176007e-08
8700	3.8475256974625836e-08
8710	3.84337199278393e-08
8720	3.839216947388898e-08
8730	3.835060571529652e-08
8740	3.830902875461634e-08
8750	3.8267438694435464e-08
8760	3.8225835637373226e-08
8770	3.818421968608104e-08
8780	3.814259094324213e-08
8790	3.8100949511571264e-08
8800	3.8059295493814565e-08
8810	3.8017628992749154e-08
8820	3.7975950111183e-08
8830	3.7934258951954585e-08
8840	3.7892555617932704e-08
8850	3.78508402120162e-08
8860	3.780911283713367e-08
8870	3.776737359624328e-08
8880	3.772562259233245e-08
8890	3.768385992841764e-08
8900	3.764208570754405e-08
8910	3.760030003278545e-08
8920	3.755850300724381e-08
8930	3.751669473404915e-08
8940	3.747487531635923e-08
8950	3.74330448573593e-08
8960	3.739120346026185e-08
8970	3.734935122830639e-08
8980	3.730748826475913e-08
8990	3.7265614672912765e-08
9000	3.722373055608623e-08
9010	3.7181836017624415e-08
9020	3.713993116089793e-08
9030	3.709801608930285e-08
9040	3.7056090906260436e-08
9050	3.701415571521692e-08
9060	3.697221061964321e-08
9070	3.693025572303466e-08
9080	3.68882911289108e-08
9090	3.6846316940815124e-08
9100	3.680433326231472e-08
9110	3.6762340197000194e-08
9120	3.6720337848485224e-08
9130	3.6678326320406436e-08
9140	3.663630571642311e-08
9150	3.6594276140216906e-08
9160	3.655223769549162e-08
9170	3.651019048597294e-08
9180	3.646813461540818e-08
9190	3.6426070187566e-08
9200	3.638399730623621e-08
9210	3.634191607522946e-08
9220	3.629982659837701e-08
9230	3.625772897953045e-08
9240	3.621562332256148e-08
9250	3.6173509731361614e-08
9260	3.613138830984196e-08
9270	3.6089259161932926e-08
9280	3.6047122391584e-08
9290	3.600497810276349e-08
9300	3.5962826399458217e-08
9310	3.592066738567334e-08
9320	3.5878501165432016e-08
9330	3.5836327842775216e-08
9340	3.57941475217614e-08
9350	3.575196030646635e-08
9360	3.570976630098279e-08
9370	3.566756560942027e-08
9380	3.5625358335904783e-08
9390	3.558314458457858e-08
9400	3.554092445959989e-08
9410	3.549869806514268e-08
9420	3.545646550539639e-08
9430	3.541422688456565e-08
9440	3.537198230687007e-08
9450	3.532973187654393e-08
9460	3.528747569783598e-08
9470	3.524521387500915e-08
9480	3.5202946512340256e-08
9490	3.516067371411984e-08
9500	3.5118395584651814e-08
9510	3.5076112228253276e-08
9520	3.5033823749254185e-08
9530	3.499153025199717e-08
9540	3.494923184083724e-08
9550	3.49069286201415e-08
9560	3.486462069428896e-08
9570	3.482230816767021e-08
9580	3.47799911446872e-08
9590	3.473766972975299e-08
9600	3.469534402729146e-08
9610	3.465301414173707e-08
9620	3.4610680177534614e-08
9630	3.456834223913892e-08
9640	3.452600043101466e-08
9650	3.4483654857636035e-08
9660	3.444130562348653e-08
9670	3.4398952833058684e-08
9680	3.435659659085377e-08
9690	3.431423700138165e-08
9700	3.4271874169160345e-08
9710	3.4229508198715986e-08
9720	3.418713919458235e-08
9730	3.414476726130077e-08
9740	3.4102392503419774e-08
9750	3.406001502549485e-08
9760	3.4017634932088234e-08
9770	3.3975252327768576e-08
9780	3.3932867317110756e-08
9790	3.3890480004695555e-08
9800	3.384809049510946e-08
9810	3.3805698892944384e-08
9820	3.376330530279738e-08
9830	3.372090982927042e-08
9840	3.3678512576970114e-08
9850	3.363611365050748e-08
9860	3.359371315449764e-08
9870	3.355131119355961e-08
9880	3.350890787231602e-08
9890	3.346650329539284e-08
9900	3.3424097567419156e-08
9910	3.338169079302688e-08
9920	3.3339283076850524e-08
9930	3.329687452352689e-08
9940	3.3254465237694896e-08
9950	3.32120553239952e-08
9960	3.3169644887070095e-08
9970	3.312723403156307e-08
9980	3.308482286211875e-08
9990	3.304241148338243e-08
10000	3.3e-08
10010	3.295758851661757e-08
10020	3.2915177137881255e-08
10030	3.2872765968436916e-08
10040	3.283035511292991e-08
10050	3.2787944676004803e-08
10060	3.274553476230511e-08
10070	3.270312547647311e-08
10080	3.266071692314948e-08
10090	3.261830920697312e-08
10100	3.257590243258084e-08
10110	3.253349670460716e-08
10120	3.2491092127683976e-08
10130	3.244868880644039e-08
10140	3.240628684550236e-08
10150	3.2363886349492525e-08
10160	3.232148742302989e-08
10170	3.227909017072959e-08
10180	3.223669469720262e-08
10190	3.219430110705562e-08
10200	3.2151909504890535e-08
10210	3.2109519995304447e-08
10220	3.2067132682889246e-08
10230	3.2024747672231426e-08
10240	3.198236506791177e-08
10250	3.1939984974505154e-08
10260	3.189760749658023e-08
10270	3.185523273869923e-08
10280	3.181286080541765e-08
10290	3.177049180128402e-08
10300	3.172812583083965e-08
10310	3.168576299861836e-08
10320	3.164340340914622e-08
10330	3.160104716694132e-08
10340	3.1558694376513464e-08
10350	3.151634514236397e-08
10360	3.147399956898534e-08
10370	3.1431657760861076e-08
10380	3.138931982246539e-08
10390	3.1346985858262925e-08
10400	3.1304655972708536e-08
10410	3.126233027024701e-08
10420	3.1220008855312794e-08
10430	3.11776918323298e-08
10440	3.113537930571104e-08
10450	3.10930713798585e-08
10460	3.105076815916276e-08
10470	3.1008469748002834e-08
10480	3.096617625074582e-08
10490	3.092388777174673e-08
10500	3.088160441534819e-08
10510	3.0839326285880165e-08
10520	3.0797053487659746e-08
10530	3.075478612499086e-08
10540	3.0712524302164014e-08
10550	3.0670268123456067e-08
10560	3.0628017693129936e-08
10570	3.058577311543435e-08
10580	3.054353449460361e-08
10590	3.0501301934857316e-08
10600	3.045907554040011e-08
10610	3.041685541542143e-08
10620	3.037464166409521e-08
10630	3.0332434390579726e-08
10640	3.029023369901719e-08
10650	3.024803969353365e-08
10660	3.020585247823859e-08
10670	3.016367215722479e-08
10680	3.0121498834567986e-08
10690	3.007933261432666e-08
10700	3.003717360054177e-08
10710	2.999502189723651e-08
10720	2.9952877608416e-08
10730	2.9910740838067076e-08
10740	2.9868611690158044e-08
10750	2.982649026863838e-08
10760	2.9784376677438516e-08
10770	2.9742271020469547e-08
10780	2.9700173401622985e-08
10790	2.9658083924770534e-08
10800	2.9616002693763777e-08
10810	2.9573929812434e-08
10820	2.9531865384591815e-08
10830	2.948980951402706e-08
10840	2.9447762304508368e-08
10850	2.940572385978309e-08
10860	2.9363694283576876e-08
10870	2.9321673679593557e-08
10880	2.9279662151514775e-08
10890	2.9237659802999804e-08
10900	2.9195666737685267e-08
10910	2.9153683059184878e-08
10920	2.9111708871089188e-08
10930	2.9069744276965337e-08
10940	2.9027789380356786e-08
10950	2.8985844284783074e-08
10960	2.8943909093739553e-08
10970	2.8901983910697142e-08
10980	2.8860068839102056e-08
10990	2.881816398237558e-08
11000	2.877626944391376e-08
11010	2.8734385327087233e-08
11020	2.8692511735240864e-08
11030	2.8650648771693608e-08
11040	2.860879653973814e-08
11050	2.85669551426407e-08
11060	2.8525124683640767e-08
11070	2.848330526595084e-08
11080	2.8441496992756187e-08
11090	2.839969996721455e-08
11100	2.8357914292455936e-08
11110	2.8316140071582362e-08
11120	2.8274377407667544e-08
11130	2.823262640375672e-08
11140	2.819088716286632e-08
11150	2.81491597879838e-08
11160	2.8107444382067284e-08
11170	2.8065741048045418e-08
11180	2.8024049888816992e-08
11190	2.798237100725084e-08
11200	2.7940704506185427e-08
11210	2.7899050488428734e-08
11220	2.7857409056757872e-08
11230	2.781578031391896e-08
11240	2.7774164362626773e-08
11250	2.7732561305564535e-08
11260	2.769097124538366e-08
11270	2.7649394284703475e-08
11280	2.7607830526111014e-08
11290	2.7566280072160696e-08
11300	2.7524743025374173e-08
11310	2.748321948823993e-08
11320	2.7441709563213212e-08
11330	2.7400213352715592e-08
11340	2.735873095913489e-08
11350	2.7317262484824748e-08
11360	2.727580803210453e-08
11370	2.7234367703258963e-08
11380	2.7192941600537947e-08
11390	2.715152982615626e-08
11400	2.711013248229336e-08
11410	2.7068749671093052e-08
11420	2.702738149466333e-08
11430	2.6986028055076044e-08
11440	2.694468945436671e-08
11450	2.6903365794534203e-08
11460	2.6862057177540552e-08
11470	2.6820763705310653e-08
11480	2.6779485479732062e-08
11490	2.6738222602654673e-08
11500	2.669697517589056e-08
11510	2.665574330121362e-08
11520	2.6614527080359437e-08
11530	2.6573326615024916e-08
11540	2.6532142006868118e-08
11550	2.6490973357507957e-08
11560	2.6449820768524002e-08
11570	2.6408684341456164e-08
11580	2.6367564177804493e-08
11590	2.6326460379028895e-08
11600	2.6285373046548924e-08
11610	2.6244302281743474e-08
11620	2.620324818595058e-08
11630	2.616221086046714e-08
11640	2.6121190406548687e-08
11650	2.6080186925409087e-08
11660	2.6039200518220382e-08
11670	2.599823128611244e-08
11680	2.595727933017279e-08
11690	2.5916344751446277e-08
11700	2.5875427650934936e-08
11710	2.5834528129597617e-08
11720	2.5793646288349866e-08
11730	2.5752782228063514e-08
11740	2.5711936049566603e-08
11750	2.5671107853642997e-08
11760	2.563029774103222e-08
11770	2.5589505812429164e-08
11780	2.554873216848387e-08
11790	2.5507976909801233e-08
11800	2.546724013694081e-08
11810	2.5426521950416544e-08
11820	2.5385822450696506e-08
11830	2.5345141738202665e-08
11840	2.5304479913310648e-08
11850	2.5263837076349444e-08
11860	2.522321332760124e-08
11870	2.5182608767301056e-08
11880	2.5142023495636662e-08
11890	2.5101457612748138e-08
11900	2.5060911218727796e-08
11910	2.502038441361981e-08
11920	2.4979877297420062e-08
11930	2.4939389970075813e-08
11940	2.4898922531485542e-08
11950	2.4858475081498618e-08
11960	2.481804771991511e-08
11970	2.4777640546485494e-08
11980	2.473725366091048e-08
11990	2.469688716284068e-08
12000	2.4656541151876422e-08
12010	2.461621572756746e-08
12020	2.4575910989412802e-08
12030	2.4535627036860348e-08
12040	2.4495363969306777e-08
12050	2.4455121886097172e-08
12060	2.4414900886524907e-08
12070	2.4374701069831274e-08
12080	2.4334522535205347e-08
12090	2.4294365381783643e-08
12100	2.4254229708649972e-08
12110	2.421411561483509e-08
12120	2.4174023199316553e-08
12130	2.4133952561018407e-08
12140	2.4093903798810974e-08
12150	2.405387701151058e-08
12160	2.401387229787936e-08
12170	2.3973889756624953e-08
12180	2.393392948640032e-08
12190	2.3893991585803446e-08
12200	2.3854076153377134e-08
12210	2.3814183287608736e-08
12220	2.377431308692995e-08
12230	2.3734465649716515e-08
12240	2.369464107428804e-08
12250	2.3654839458907685e-08
12260	2.3615060901782e-08
12270	2.3575305501060602e-08
12280	2.3535573354836014e-08
12290	2.3495864561143324e-08
12300	2.345617921796006e-08
12310	2.3416517423205846e-08
12320	2.337687927474223e-08
12330	2.3337264870372395e-08
12340	2.3297674307840956e-08
12350	2.3258107684833672e-08
12360	2.3218565098977264e-08
12370	2.3179046647839134e-08
12380	2.3139552428927132e-08
12390	2.31000825396893e-08
12400	2.3060637077513693e-08
12410	2.3021216139728048e-08
12420	2.2981819823599624e-08
12430	2.2942448226334898e-08
12440	2.290310144507939e-08
12450	2.286377957691735e-08
12460	2.282448271887161e-08
12470	2.2785210967903235e-08
12480	2.274596442091137e-08
12490	2.2706743174732974e-08
12500	2.2667547326142575e-08
12510	2.262837697185203e-08
12520	2.2589232208510295e-08
12530	2.255011313270318e-08
12540	2.251101984095312e-08
12550	2.247195242971892e-08
12560	2.2432910995395533e-08
12570	2.2393895634313836e-08
12580	2.235490644274032e-08
12590	2.231594351687698e-08
12600	2.2277006952860923e-08
12610	2.223809684676428e-08
12620	2.219921329459385e-08
12630	2.2160356392290954e-08
12640	2.212152623573111e-08
12650	2.2082722920723888e-08
12660	2.2043946543012604e-08
12670	2.2005197198274115e-08
12680	2.196647498211858e-08
12690	2.192777999008921e-08
12700	2.1889112317662062e-08
12710	2.185047206024577e-08
12720	2.1811859313181325e-08
12730	2.1773274171741853e-08
12740	2.173471673113234e-08
12750	2.1696187086489447e-08
12760	2.165768533288123e-08
12770	2.1619211565306954e-08
12780	2.1580765878696817e-08
12790	2.1542348367911716e-08
12800	2.1503959127743036e-08
12810	2.1465598252912434e-08
12820	2.142726583807154e-08
12830	2.1388961977801776e-08
12840	2.1350686766614104e-08
12850	2.1312440298948838e-08
12860	2.127422266917528e-08
12870	2.123603397159167e-08
12880	2.119787430042482e-08
12890	2.115974374982991e-08
12900	2.112164241389029e-08
12910	2.1083570386617224e-08
12920	2.1045527761949662e-08
12930	2.100751463375398e-08
12940	2.09695310958238e-08
12950	2.093157724187973e-08
12960	2.0893653165569133e-08
12970	2.085575896046589e-08
12980	2.081789472007018e-08
12990	2.0780060537808274e-08
13000	2.0742256507032235e-08
13010	2.0704482721019766e-08
13020	2.066673927297391e-08
13030	2.06290262560229e-08
13040	2.0591343763219827e-08
13050	2.0553691887542517e-08
13060	2.0516070721893225e-08
13070	2.0478480359098437e-08
13080	2.0440920891908622e-08
13090	2.0403392412998058e-08
13100	2.0365895014964523e-08
13110	2.0328428790329113e-08
13120	2.029099383153602e-08
13130	2.0253590230952287e-08
13140	2.0216218080867573e-08
13150	2.017887747349395e-08
13160	2.014156850096564e-08
13170	2.0104291255338846e-08
13180	2.0067045828591453e-08
13190	2.0029832312622855e-08
13200	1.999265079925368e-08
13210	1.9955501380225662e-08
13220	1.9918384147201254e-08
13230	1.9881299191763565e-08
13240	1.984424660541602e-08
13250	1.9807226479582222e-08
13260	1.977023890560561e-08
13270	1.973328397474938e-08
13280	1.9696361778196127e-08
13290	1.9659472407047717e-08
13300	1.9622615952324995e-08
13310	1.958579250496761e-08
13320	1.954900215583375e-08
13330	1.951224499569995e-08
13340	1.9475521115260827e-08
13350	1.943883060512894e-08
13360	1.9402173555834458e-08
13370	1.9365550057825005e-08
13380	1.9328960201465414e-08
13390	1.9292404077037552e-08
13400	1.9255881774739975e-08
13410	1.9219393384687866e-08
13420	1.918293899691268e-08
13430	1.9146518701362025e-08
13440	1.9110132587899323e-08
13450	1.9073780746303718e-08
13460	1.903746326626976e-08
13470	1.9001180237407212e-08
13480	1.896493174924084e-08
13490	1.89287178912102e-08
13500	1.8892538752669378e-08
13510	1.8856394422886807e-08
13520	1.8820284991045013e-08
13530	1.8784210546240442e-08
13540	1.8748171177483206e-08
13550	1.8712166973696857e-08
13560	1.867619802371817e-08
13570	1.8640264416297005e-08
13580	1.8604366240095906e-08
13590	1.8568503583690092e-08
13600	1.8532676535567085e-08
13610	1.849688518412659e-08
13620	1.8461129617680172e-08
13630	1.8425409924451166e-08
13640	1.8389726192574353e-08
13650	1.83540785100958e-08
13660	1.8318466964972596e-08
13670	1.8282891645072725e-08
13680	1.8247352638174734e-08
13690	1.8211850031967592e-08
13700	1.817638391405044e-08
13710	1.8140954371932414e-08
13720	1.8105561493032384e-08
13730	1.8070205364678758e-08
13740	1.8034886074109258e-08
13750	1.7999603708470746e-08
13760	1.7964358354818935e-08
13770	1.792915010011822e-08
13780	1.7893979031241495e-08
13790	1.7858845234969866e-08
13800	1.782374879799248e-08
13810	1.77886898069063e-08
13820	1.775366834821592e-08
13830	1.7718684508333297e-08
13840	1.768373837357758e-08
13850	1.764883003017487e-08
13860	1.7613959564258057e-08
13870	1.7579127061866538e-08
13880	1.754433260894605e-08
13890	1.7509576291348437e-08
13900	1.7474858194831485e-08
13910	1.7440178405058613e-08
13920	1.7405537007598777e-08
13930	1.737093408792617e-08
13940	1.7336369731420076e-08
13950	1.7301844023364575e-08
13960	1.726735704894845e-08
13970	1.723290889326487e-08
13980	1.7198499641311233e-08
13990	1.716412937798894e-08
14000	1.712979818810323e-08
14010	1.709550615636287e-08
14020	1.7061253367380054e-08
14030	1.7027039905670117e-08
14040	1.69928658556514e-08
14050	1.695873130164496e-08
14060	1.6924636327874418e-08
14070	1.6890581018465723e-08
14080	1.6856565457447e-08
14090	1.6822589728748213e-08
14100	1.6788653916201136e-08
14110	1.6754758103538984e-08
14120	1.672090237439634e-08
14130	1.6687086812308812e-08
14140	1.6653311500712962e-08
14150	1.6619576522946008e-08
14160	1.658588196224566e-08
14170	1.655222790174988e-08
14180	1.6518614424496732e-08
14190	1.6485041613424127e-08
14200	1.645150955136964e-08
14210	1.6418018321070288e-08
14220	1.6384568005162367e-08
14230	1.6351158686181205e-08
14240	1.6317790446560975e-08
14250	1.628446336863448e-08
14260	1.6251177534632997e-08
14270	1.6217933026685977e-08
14280	1.6184729926820968e-08
14290	1.6151568316963295e-08
14300	1.6118448278935966e-08
14310	1.6085369894459348e-08
14320	1.605233324515109e-08
14330	1.601933841252583e-08
14340	1.598638547799504e-08
14350	1.59534745228668e-08
14360	1.5920605628345637e-08
14370	1.588777887553228e-08
14380	1.5854994345423467e-08
14390	1.582225211891176e-08
14400	1.5789552276785377e-08
14410	1.5756894899727905e-08
14420	1.5724280068318186e-08
14430	1.5691707863030053e-08
14440	1.565917836423222e-08
14450	1.562669165218797e-08
14460	1.5594247807055037e-08
14470	1.556184690888538e-08
14480	1.5529489037625008e-08
14490	1.5497174273113732e-08
14500	1.5464902695085042e-08
14510	1.5432674383165838e-08
14520	1.5400489416876277e-08
14530	1.5368347875629558e-08
14540	1.5336249838731752e-08
14550	1.5304195385381567e-08
14560	1.527218459467018e-08
14570	1.5240217545581028e-08
14580	1.5208294316989644e-08
14590	1.5176414987663408e-08
14600	1.5144579636261404e-08
14610	1.511278834133418e-08
14620	1.5081041181323616e-08
14630	1.504933823456267e-08
14640	1.5017679579275208e-08
14650	1.4986065293575803e-08
14660	1.4954495455469592e-08
14670	1.492297014285198e-08
14680	1.4891489433508559e-08
14690	1.486005340511485e-08
14700	1.4828662135236125e-08
14710	1.4797315701327211e-08
14720	1.4766014180732337e-08
14730	1.473475765068489e-08
14740	1.4703546188307243e-08
14750	1.467237987061057e-08
14760	1.4641258774494682e-08
14770	1.4610182976747776e-08
14780	1.4579152554046297e-08
14790	1.4548167582954724e-08
14800	1.4517228139925403e-08
14810	1.448633430129833e-08
14820	1.4455486143300978e-08
14830	1.4424683742048105e-08
14840	1.4393927173541597e-08
14850	1.4363216513670194e-08
14860	1.4332551838209427e-08
14870	1.4301933222821324e-08
14880	1.427136074305427e-08
14890	1.4240834474342816e-08
14900	1.4210354492007513e-08
14910	1.4179920871254676e-08
14920	1.4149533687176242e-08
14930	1.4119193014749554e-08
14940	1.4088898928837229e-08
14950	1.4058651504186896e-08
14960	1.4028450815431076e-08
14970	1.399829693708695e-08
14980	1.396818994355624e-08
14990	1.3938129909124946e-08
15000	1.3908116907963217e-08
15010	1.387815101412515e-08
15020	1.3848232301548612e-08
15030	1.3818360844055045e-08
15040	1.3788536715349296e-08
15050	1.3758759989019456e-08
15060	1.3729030738536626e-08
15070	1.3699349037254782e-08
15080	1.3669714958410558e-08
15090	1.3640128575123114e-08
15100	1.3610589960393904e-08
15110	1.3581099187106522e-08
15120	1.3551656328026513e-08
15130	1.352226145580122e-08
15140	1.3492914642959555e-08
15150	1.346361596191187e-08
15160	1.3434365484949739e-08
15170	1.3405163284245825e-08
15180	1.3376009431853627e-08
15190	1.3346903999707398e-08
15200	1.3317847059621893e-08
15210	1.3288838683292226e-08
15220	1.3259878942293667e-08
15230	1.3230967908081524e-08
15240	1.3202105651990883e-08
15250	1.3173292245236495e-08
15260	1.3144527758912569e-08
15270	1.3115812263992634e-08
15280	1.3087145831329305e-08
15290	1.3058528531654162e-08
15300	1.3029960435577535e-08
15310	1.3001441613588377e-08
15320	1.2972972136054044e-08
15330	1.2944552073220131e-08
15340	1.2916181495210323e-08
15350	1.288786047202621e-08
15360	1.2859589073547084e-08
15370	1.2831367369529823e-08
15380	1.2803195429608677e-08
15390	1.2775073323295099e-08
15400	1.2747001119977592e-08
15410	1.2718978888921535e-08
15420	1.2691006699268995e-08
15430	1.2663084620038566e-08
15440	1.2635212720125194e-08
15450	1.2607391068300044e-08
15460	1.2579619733210261e-08
15470	1.2551898783378856e-08
15480	1.2524228287204509e-08
15490	1.2496608312961434e-08
15500	1.2469038928799165e-08
15510	1.2441520202742417e-08
15520	1.2414052202690904e-08
15530	1.2386634996419206e-08
15540	1.2359268651576529e-08
15550	1.2331953235686622e-08
15560	1.2304688816147557e-08
15570	1.2277475460231579e-08
15580	1.2250313235084931e-08
15590	1.2223202207727718e-08
15600	1.2196142445053694e-08
15610	1.2169134013830137e-08
15620	1.214217698069766e-08
15630	1.2115271412170074e-08
15640	1.2088417374634188e-08
15650	1.2061614934349671e-08
15660	1.2034864157448874e-08
15670	1.2008165109936694e-08
15680	1.1981517857690368e-08
15690	1.195492246645934e-08
15700	1.1928379001865096e-08
15710	1.1901887529401005e-08
15720	1.187544811443212e-08
15730	1.1849060822195092e-08
15740	1.1822725717797922e-08
15750	1.1796442866219892e-08
15760	1.1770212332311288e-08
15770	1.1744034180793371e-08
15780	1.1717908476258121e-08
15790	1.1691835283168114e-08
15800	1.1665814665856357e-08
15810	1.163984668852615e-08
15820	1.1613931415250891e-08
15830	1.1588068909973937e-08
15840	1.1562259236508445e-08
15850	1.1536502458537227e-08
15860	1.1510798639612573e-08
15870	1.1485147843156094e-08
15880	1.145955013245858e-08
15890	1.1434005570679854e-08
15900	1.1408514220848553e-08
15910	1.1383076145862077e-08
15920	1.1357691408486328e-08
15930	1.1332360071355643e-08
15940	1.1307082196972555e-08
15950	1.1281857847707719e-08
15960	1.1256687085799708e-08
15970	1.1231569973354874e-08
15980	1.120650657234719e-08
15990	1.1181496944618116e-08
16000	1.1156541151876423e-08
16010	1.1131639255698039e-08
16020	1.1106791317525913e-08
16030	1.1081997398669882e-08
16040	1.1057257560306463e-08
16050	1.1032571863478753e-08
16060	1.1007940369096244e-08
16070	1.0983363137934721e-08
16080	1.0958840230636033e-08
16090	1.0934371707708038e-08
16100	1.0909957629524362e-08
16110	1.0885598056324349e-08
16120	1.0861293048212784e-08
16130	1.083704266515989e-08
16140	1.0812846967001065e-08
16150	1.0788706013436788e-08
16160	1.0764619864032459e-08
16170	1.0740588578218266e-08
16180	1.0716612215289012e-08
16190	1.0692690834403993e-08
16200	1.0668824494586827e-08
16210	1.064501325472535e-08
16220	1.0621257173571428e-08
16230	1.0597556309740825e-08
16240	1.0573910721713053e-08
16250	1.0550320467831275e-08
16260	1.052678560630209e-08
16270	1.0503306195195417e-08
16280	1.0479882292444378e-08
16290	1.0456513955845128e-08
16300	1.0433201243056707e-08
16310	1.0409944211600914e-08
16320	1.0386742918862174e-08
16330	1.0363597422087365e-08
16340	1.0340507778385698e-08
16350	1.0317474044728569e-08
16360	1.0294496277949437e-08
16370	1.0271574534743651e-08
16380	1.0248708871668334e-08
16390	1.0225899345142228e-08
16400	1.02031460114456e-08
16410	1.0180448926720005e-08
16420	1.0157808146968264e-08
16430	1.0135223728054239e-08
16440	1.0112695725702758e-08
16450	1.0090224195499403e-08
16460	1.0067809192890454e-08
16470	1.0045450773182703e-08
16480	1.0023148991543323e-08
16490	1.000090390299974e-08
16500	9.978715562439512e-09
16510	9.956584024610153e-09
16520	9.934509344119033e-09
16530	9.912491575433233e-09
16540	9.89053077287941e-09
16550	9.868626990643662e-09
16560	9.846780282771393e-09
16570	9.824990703167176e-09
16580	9.803258305594652e-09
16590	9.781583143676325e-09
16600	9.759965270893524e-09
16610	9.738404740586187e-09
16620	9.716901605952799e-09
16630	9.695455920050178e-09
16640	9.674067735793446e-09
16650	9.652737105955814e-09
16660	9.631464083168492e-09
16670	9.610248719920539e-09
16680	9.589091068558769e-09
16690	9.567991181287579e-09
16700	9.54694911016884e-09
16710	9.525964907121766e-09
16720	9.505038623922807e-09
16730	9.484170312205477e-09
16740	9.463360023460264e-09
16750	9.442607809034476e-09
16760	9.421913720132162e-09
16770	9.401277807813902e-09
16780	9.380700122996776e-09
16790	9.360180716454166e-09
16800	9.339719638815688e-09
16810	9.319316940566986e-09
16820	9.298972672049717e-09
16830	9.278686883461325e-09
16840	9.258459624854984e-09
16850	9.238290946139436e-09
16860	9.218180897078903e-09
16870	9.198129527292928e-09
16880	9.178136886256264e-09
16890	9.15820302329877e-09
16900	9.138327987605275e-09
16910	9.118511828215459e-09
16920	9.098754594023712e-09
16930	9.079056333779046e-09
16940	9.059417096084973e-09
16950	9.039836929399355e-09
16960	9.020315882034298e-09
16970	9.000854002156052e-09
16980	8.981451337784879e-09
16990	8.962107936794907e-09
17000	8.942823846914069e-09
17010	8.923599115723935e-09
17020	8.90443379065962e-09
17030	8.88532791900965e-09
17040	8.866281547915878e-09
17050	8.847294724373324e-09
17060	8.828367495230087e-09
17070	8.809499907187219e-09
17080	8.79069200679863e-09
17090	8.771943840470939e-09
17100	8.75325545446338e-09
17110	8.734626894887683e-09
17120	8.71605820770798e-09
17130	8.697549438740655e-09
17140	8.679100633654252e-09
17150	8.660711837969363e-09
17160	8.642383097058526e-09
17170	8.62411445614607e-09
17180	8.605905960308059e-09
17190	8.587757654472149e-09
17200	8.569669583417476e-09
17210	8.551641791774553e-09
17220	8.533674324025176e-09
17230	8.515767224502276e-09
17240	8.497920537389845e-09
17250	8.480134306722803e-09
17260	8.462408576386916e-09
17270	8.444743390118657e-09
17280	8.427138791505118e-09
17290	8.409594823983889e-09
17300	8.392111530842977e-09
17310	8.374688955220664e-09
17320	8.357327140105425e-09
17330	8.340026128335807e-09
17340	8.322785962600351e-09
17350	8.305606685437431e-09
17360	8.288488339235228e-09
17370	8.271430966231543e-09
17380	8.254434608513757e-09
17390	8.237499308018685e-09
17400	8.22062510653251e-09
17410	8.203812045690638e-09
17420	8.187060166977627e-09
17430	8.170369511727065e-09
17440	8.1537401211215e-09
17450	8.137172036192292e-09
17460	8.120665297819543e-09
17470	8.104219946731986e-09
17480	8.087836023506898e-09
17490	8.071513568569977e-09
17500	8.055252622195257e-09
17510	8.03905322450501e-09
17520	8.022915415469635e-09
17530	8.006839234907575e-09
17540	7.990824722485202e-09
17550	7.974871917716737e-09
17560	7.958980859964147e-09
17570	7.943151588437028e-09
17580	7.927384142192531e-09
17590	7.911678560135276e-09
17600	7.896034881017214e-09
17610	7.880453143437574e-09
17620	7.864933385842734e-09
17630	7.849475646526169e-09
17640	7.834079963628304e-09
17650	7.818746375136462e-09
17660	7.803474918884737e-09
17670	7.788265632553946e-09
17680	7.773118553671476e-09
17690	7.758033719611246e-09
17700	7.743011167593584e-09
17710	7.728050934685145e-09
17720	7.713153057798807e-09
17730	7.698317573693613e-09
17740	7.683544518974641e-09
17750	7.668833930092929e-09
17760	7.6541858433454e-09
17770	7.639600294874748e-09
17780	7.62507732066937e-09
17790	7.610616956563255e-09
17800	7.596219238235912e-09
17810	7.581884201212287e-09
17820	7.567611880862654e-09
17830	7.553402312402547e-09
17840	7.539255530892657e-09
17850	7.525171571238776e-09
17860	7.51115046819166e-09
17870	7.497192256346992e-09
17880	7.483296970145274e-09
17890	7.469464643871737e-09
17900	7.455695311656276e-09
17910	7.4419890074733506e-09
17920	7.428345765141906e-09
17930	7.414765618325282e-09
17940	7.401248600531135e-09
17950	7.3877947451113755e-09
17960	7.374404085262049e-09
17970	7.3610766540232735e-09
17980	7.347812484279161e-09
17990	7.33461160875774e-09
18000	7.321474060030855e-09
18010	7.308399870514097e-09
18020	7.29538907246673e-09
18030	7.282441697991614e-09
18040	7.269557779035094e-09
18050	7.256737347386967e-09
18060	7.243980434680377e-09
18070	7.23128707239173e-09
18080	7.21865729184064e-09
18090	7.206091124189838e-09
18100	7.193588600445086e-09
18110	7.181149751455128e-09
18120	7.168774607911575e-09
18130	7.156463200348878e-09
18140	7.1442155591442e-09
18150	7.132031714517384e-09
18160	7.119911696530849e-09
18170	7.107855535089544e-09
18180	7.0958632599408446e-09
18190	7.083934900674494e-09
18200	7.0720704867225366e-09
18210	7.0602700473592376e-09
18220	7.0485336117009985e-09
18230	7.036861208706317e-09
18240	7.0252528671756796e-09
18250	7.013708615751526e-09
18260	7.0022284829181335e-09
18270	6.9908124970016044e-09
18280	6.9794606861697375e-09
18290	6.968173078432005e-09
18300	6.956949701639452e-09
18310	6.945790583484647e-09
18320	6.934695751501605e-09
18330	6.9236652330657224e-09
18340	6.9126990553937e-09
18350	6.9017972455435035e-09
18360	6.890959830414255e-09
18370	6.8801868367461994e-09
18380	6.869478291120633e-09
18390	6.858834219959825e-09
18400	6.848254649526961e-09
18410	6.837739605926082e-09
18420	6.827289115102007e-09
18430	6.8169032028402955e-09
18440	6.806581894767144e-09
18450	6.796325216349353e-09
18460	6.786133192894263e-09
18470	6.776005849549677e-09
18480	6.765943211303802e-09
18490	6.755945302985208e-09
18500	6.7460121492627325e-09
18510	6.736143774645446e-09
18520	6.72634020348258e-09
18530	6.716601459963482e-09
18540	6.7069275681175196e-09
18550	6.697318551814068e-09
18560	6.687774434762414e-09
18570	6.678295240511729e-09
18580	6.668880992450969e-09
18590	6.659531713808859e-09
18600	6.650247427653819e-09
18610	6.641028156893903e-09
18620	6.631873924276737e-09
18630	6.622784752389485e-09
18640	6.6137606636587755e-09
18650	6.604801680350654e-09
18660	6.5959078245705096e-09
18670	6.5870791182630594e-09
18680	6.578315583212254e-09
18690	6.569617241041243e-09
18700	6.560984113212322e-09
18710	6.552416221026879e-09
18720	6.543913585625335e-09
18730	6.535476227987096e-09
18740	6.5271041689305e-09
18750	6.518797429112778e-09
18760	6.5105560290299825e-09
18770	6.502379989016941e-09
18780	6.494269329247232e-09
18790	6.486224069733094e-09
18800	6.478244230325408e-09
18810	6.470329830713631e-09
18820	6.462480890425762e-09
18830	6.454697428828278e-09
18840	6.4469794651261e-09
18850	6.439327018362529e-09
18860	6.431740107419228e-09
18870	6.424218751016135e-09
18880	6.416762967711456e-09
18890	6.4093727759015895e-09
18900	6.402048193821105e-09
18910	6.394789239542676e-09
18920	6.387595930977052e-09
18930	6.38046828587301e-09
18940	6.373406321817304e-09
18950	6.366410056234623e-09
18960	6.359479506387563e-09
18970	6.352614689376565e-09
18980	6.345815622139883e-09
18990	6.3390823214535375e-09
19000	6.332414803931283e-09
19010	6.325813086024551e-09
19020	6.3192771840224275e-09
19030	6.312807114051597e-09
19040	6.306402892076323e-09
19050	6.300064533898378e-09
19060	6.293792055157032e-09
19070	6.2875854713290035e-09
19080	6.281444797728425e-09
19090	6.275370049506793e-09
19100	6.269361241652946e-09
19110	6.263418388993022e-09
19120	6.257541506190418e-09
19130	6.251730607745758e-09
19140	6.245985707996856e-09
19150	6.240306821118682e-09
19160	6.2346939611233245e-09
19170	6.229147141859954e-09
19180	6.223666377014804e-09
19190	6.21825168011111e-09
19200	6.212903064509101e-09
19210	6.207620543405949e-09
19220	6.202404129835759e-09
19230	6.197253836669509e-09
19240	6.192169676615033e-09
19250	6.18715166221699e-09
19260	6.182199805856837e-09
19270	6.177314119752782e-09
19280	6.172494615959773e-09
19290	6.167741306369456e-09
19300	6.16305420271015e-09
19310	6.158433316546813e-09
19320	6.153878659281029e-09
19330	6.14939024215096e-09
19340	6.144968076231327e-09
19350	6.1406121724333845e-09
19360	6.136322541504895e-09
19370	6.132099194030097e-09
19380	6.127942140429675e-09
19390	6.1238513909607495e-09
19400	6.119826955716839e-09
19410	6.115868844627837e-09
19420	6.1119770674599875e-09
19430	6.108151633815862e-09
19440	6.104392553134342e-09
19450	6.100699834690586e-09
19460	6.097073487596005e-09
19470	6.093513520798251e-09
19480	6.090019943081193e-09
19490	6.086592763064881e-09
19500	6.0832319892055446e-09
19510	6.079937629795558e-09
19520	6.076709692963424e-09
19530	6.073548186673758e-09
19540	6.0704531187272595e-09
19550	6.067424496760708e-09
19560	6.064462328246919e-09
19570	6.061566620494752e-09
19580	6.0587373806490795e-09
19590	6.055974615690769e-09
19600	6.0532783324366675e-09
19610	6.050648537539587e-09
19620	6.048085237488282e-09
19630	6.0455884386074444e-09
19640	6.043158147057675e-09
19650	6.040794368835476e-09
19660	6.038497109773239e-09
19670	6.0362663755392154e-09
19680	6.0341021716375285e-09
19690	6.03200450340813e-09
19700	6.029973376026812e-09
19710	6.028008794505173e-09
19720	6.0261107636906335e-09
19730	6.024279288266386e-09
19740	6.022514372751417e-09
19750	6.020816021500482e-09
19760	6.019184238704091e-09
19770	6.017619028388506e-09
19780	6.016120394415731e-09
19790	6.014688340483496e-09
19800	6.0133228701252466e-09
19810	6.01202398671015e-09
19820	6.010791693443073e-09
19830	6.009625993364573e-09
19840	6.0085268893509016e-09
19850	6.007494384113985e-09
19860	6.00652848020143e-09
19870	6.00562917999651e-09
19880	6.004796485718157e-09
19890	6.004030399420961e-09
19900	6.003330922995164e-09
19910	6.002698058166655e-09
19920	6.002131806496965e-09
19930	6.001632169383263e-09
19940	6.001199148058355e-09
19950	6.000832743590679e-09
19960	6.000532956884298e-09
19970	6.000299788678908e-09
19980	6.000133239549828e-09
19990	6.000033309908005e-09
20000	6e-08
