1	0.6594306377381994
2	0.7511127583096324
3	0.9727226209538389
4	1.0856861905833035
5	1.1319195886856408
6	1.2005693360331096
7	1.3712498844048093
8	1.5767236285403294
9	1.6290257593361557
10	1.7114194805171283
11	1.7327694703971372
12	1.7679641426252533
13	1.8929070182863226
14	1.8984721726194251
15	1.9570173131027802
16	1.9610590884641645
17	1.9927563441132532
18	2.0384198986750266
19	2.083190273058596
20	2.1363934101111393
21	2.1796862202020466
22	2.350660401779383
23	2.394137641651376
24	2.4677556937342975
25	2.4831659066571197
26	2.4932581303915398
27	2.533156496051907
28	2.554392798978665
29	2.558644765373414
30	2.6109215414085365
31	2.620872749743728
32	2.701308579803421
33	2.7573053702182575
34	2.769215982728803
35	2.7706834995731486
36	2.776815624935978
37	2.784879001566601
38	2.81552585312709
39	2.8210339525024297
40	2.8256267991465362
41	2.8291809106538746
42	2.8503756644535185
43	2.87443562718061
44	2.877304315983039
45	2.879300768870085
46	2.888955650784945
47	2.8946175364976003
48	2.8972888463720454
49	2.9059361376359982
50	2.9165861268107056
51	2.926420427329347
52	2.926804664209107
53	2.9512749919809664
54	2.952375678846679
55	2.972072804942349
56	2.9790105857900557
57	2.9844855556481984
58	2.988981862623377
59	3.0031803364151624
60	3.0211532121231106
61	3.021593483458013
62	3.0465508008820152
63	3.062372984960297
64	3.0800238202141625
65	3.0925133797874307
66	3.0937537965435666
67	3.101089233523093
68	3.104559032936689
69	3.119860823497857
70	3.1312306334978435
71	3.1493378034249173
72	3.156369604208143
73	3.160005347415578
74	3.1651659040205975
75	3.166340899838106
76	3.1708262665244527
77	3.1861030189745922
78	3.18886235564342
79	3.191215828628407
80	3.191472038248469
81	3.1958595322170837
82	3.1991099093468662
83	3.2013458234782752
84	3.207106489291046
85	3.2100933356787347
86	3.231334423844887
87	3.2355486972607332
88	3.2394481795617773
89	3.240611159559434
90	3.2427267262778305
91	3.245844673119523
92	3.249221127953021
93	3.2523440925905547
94	3.258194557150003
95	3.2593348681321603
96	3.2638793147457434
97	3.2659281083018645
98	3.2705197728376096
99	3.2742096880819593
100	3.280709052600231
101	3.2834743950421434
102	3.2902279473122604
103	3.2987452928109215
104	3.301235416743356
105	3.313807441574063
106	3.3151984864155652
107	3.3295139488078616
108	3.3317627192375623
109	3.3334671999067824
110	3.3425607966060564
111	3.345290090189065
112	3.3476491091668907
113	3.3512526521374126
114	3.354107751723776
115	3.358297294128667
116	3.3589026401868933
117	3.3615756703134116
118	3.3662642552540993
119	3.3673530125678495
120	3.3679548036401648
121	3.373361032739811
122	3.387880167380202
123	3.389845832804133
124	3.392747532481772
125	3.4087381858359738
126	3.413995840865646
127	3.4218721365565576
128	3.4223748924692874
129	3.4278642399813317
130	3.4288458211092174
131	3.4347102857256298
132	3.435540678234875
133	3.4371976861493843
134	3.4404307415869635
135	3.4440601064166443
136	3.453361889848552
137	3.453836107503642
138	3.456844469239264
139	3.461589559761401
140	3.4651417076814597
141	3.4708073141081686
142	3.4717956711041746
143	3.4722320784620826
144	3.473579898174039
145	3.476492852350782
146	3.4791571213509225
147	3.4861793969261465
148	3.487106552205715
149	3.489103045636022
150	3.490164844631241
151	3.492689715613266
152	3.4938361604277253
153	3.497978600640285
154	3.5017383177646524
155	3.5031123907508586
156	3.5046582518117075
157	3.505615092284486
158	3.511381775254223
159	3.513442109154566
160	3.5156333372753283
161	3.51871565052398
162	3.5216621889302573
163	3.5259148241753504
164	3.5265024872071247
165	3.526956209563059
166	3.540637256076493
167	3.542333533467375
168	3.544591004889326
169	3.5465488067738296
170	3.5500470222101597
171	3.5514173330313663
172	3.552500796083569
173	3.5535996683357935
174	3.557620396884867
175	3.5585441946000014
176	3.560429740564775
177	3.560909232398883
178	3.562359921445096
179	3.5721306198744602
180	3.5796728235135222
181	3.582055441959558
182	3.592333937546021
183	3.593600399716554
184	3.5946242033225024
185	3.597152311260325
186	3.602848394570617
187	3.6075415287147923
188	3.6082263543142887
189	3.610381468941415
190	3.6110446394851365
191	3.61246303170163
192	3.6188538937928714
193	3.619329841155086
194	3.621219437247908
195	3.6230841050974005
196	3.6327888232651095
197	3.636367783631165
198	3.639294009598984
199	3.6491961721614534
200	3.654391462503351
201	3.657793036988241
202	3.659065053093857
203	3.6619123915957315
204	3.6632483743395903
205	3.6652542687007013
206	3.6706639653459416
207	3.6719017987172617
208	3.6727992878271842
209	3.674156478402881
210	3.674770000962739
211	3.6830780054938974
212	3.683977423018308
213	3.6843244049906128
214	3.6845420318736037
215	3.685674060041529
216	3.6863242777697933
217	3.687701474364639
218	3.6884507819783265
219	3.689507133804905
220	3.691862688376214
221	3.693674833376698
222	3.6974987829775374
223	3.7145194050094803
224	3.717589705236975
225	3.723062475623213
226	3.7232685635235105
227	3.72370263121001
228	3.7334333870011536
229	3.734618828419199
230	3.734839304903437
231	3.736304005503957
232	3.7390051403929134
233	3.7457980580136256
234	3.7459541724115457
235	3.7467059693890175
236	3.7494026275001806
237	3.7502925623265013
238	3.751185101906055
239	3.755610960237871
240	3.756444312518623
241	3.7593642542431804
242	3.7602082831302877
243	3.76111359221076
244	3.7626821756514195
245	3.76889926255657
246	3.7698500576206877
247	3.7718200115156053
248	3.775925350181645
249	3.7762508443769462
250	3.7774738774913823
251	3.7818695003838103
252	3.7849647942079505
253	3.7900773683931623
254	3.7937404880971473
255	3.796613317569198
256	3.798758548944432
257	3.800066767421168
258	3.8010084014102286
259	3.802847553857692
260	3.8046547082928837
261	3.810783212333161
262	3.81222396446061
263	3.816506368405928
264	3.819659561107909
265	3.8215433683643485
266	3.822748360786644
267	3.8243377404240184
268	3.825076396846529
269	3.8272825720043957
270	3.8275146125839448
271	3.828528372845069
272	3.8306404865408306
273	3.8354795295650583
274	3.8369168361960933
275	3.8388076851210617
276	3.839138369572344
277	3.839888862622571
278	3.8406298512659096
279	3.8412814467464607
280	3.8432163230053664
281	3.846842116397347
282	3.8473626167943635
283	3.8481851387674433
284	3.852206020337071
285	3.8530835834175803
286	3.8555972543994184
287	3.8587047624103916
288	3.8597648000807934
289	3.8609872083297843
290	3.8634706574496884
291	3.8641406110095495
292	3.8672590445216537
293	3.871417662478643
294	3.8732421485149318
295	3.8739438561089146
296	3.874842387127695
297	3.8765319868695314
298	3.8779793385851202
299	3.880115927816345
300	3.881603738529428
301	3.8828768590985216
302	3.8860546041488044
303	3.887395757898159
304	3.890098057725103
305	3.8908589335565034
306	3.895302760646428
307	3.898131593078526
308	3.8993763774255203
309	3.901798528198361
310	3.903212076024658
311	3.9046188282785077
312	3.9068144319701923
313	3.907406216610204
314	3.9079944874126897
315	3.908609335532951
316	3.909236906067974
317	3.9105785131681388
318	3.9201314529110936
319	3.921997943505418
320	3.9225776254147444
321	3.9273221639509734
322	3.9281707925693636
323	3.9284613403269484
324	3.9310246931039137
325	3.9314641314865972
326	3.9315397399028544
327	3.9323267300192475
328	3.9331882051783165
329	3.9354315452315483
330	3.9510100072032306
331	3.9524244699003126
332	3.952865263721362
333	3.956190738656799
334	3.958416181545572
335	3.960295946880948
336	3.9671172254959943
337	3.968770704104513
338	3.9851265877560915
339	3.988174949314086
340	3.988881060390303
341	3.989266806901409
342	3.9905822152640615
343	3.9918230255016214
344	3.992463850468246
345	3.9933227510924265
346	3.994812488139886
347	3.995734385503125
348	3.998631720918084
349	4.001475496227063
350	4.001547860917706
351	4.013159056227219
352	4.0159819927539315
353	4.017245520152113
354	4.0183381275250225
355	4.019122349353611
356	4.021419378744467
357	4.025026747266653
358	4.025834271674834
359	4.026317905804833
360	4.028758877765406
361	4.0297807959206216
362	4.035551666721777
363	4.035946812726519
364	4.037158718115182
365	4.038385704462298
366	4.044450256425112
367	4.0486200151936655
368	4.050022709301583
369	4.0515085955713
370	4.051939970761689
371	4.055025490899074
372	4.05709190556997
373	4.058763255247005
374	4.061611149327707
375	4.064056653359215
376	4.065670297457482
377	4.067507009064485
378	4.068283469846406
379	4.07048888655786
380	4.076151727041617
381	4.076777978407852
382	4.079117399673474
383	4.079307816317542
384	4.080159009259364
385	4.0810891446955315
386	4.081375241506524
387	4.085767283960042
388	4.086865946045382
389	4.087477062105528
390	4.089525269297174
391	4.090269791368906
392	4.09181653980525
393	4.092173851761721
394	4.0940548364961815
395	4.094974781882945
396	4.096872616918559
397	4.099572750252818
398	4.101349754571007
399	4.101806928020746
400	4.102912418771214
401	4.106128944849908
402	4.106891715322352
403	4.107121186207999
404	4.109258336653261
405	4.1104654026818155
406	4.111075417720122
407	4.113950236799753
408	4.116256937119864
409	4.118397055089776
410	4.120222885142728
411	4.122035156235779
412	4.122111410016033
413	4.123446060845694
414	4.124653305536902
415	4.127045740557806
416	4.127956117961915
417	4.129286311907212
418	4.13103889624782
419	4.135840800926467
420	4.1366009836647715
421	4.138281866000389
422	4.138648324508957
423	4.140969170115623
424	4.141682358070981
425	4.145829427287663
426	4.149212873337535
427	4.152764053778903
428	4.156628961377035
429	4.15813983436012
430	4.158684318176078
431	4.159675790233358
432	4.16003070930539
433	4.162877922811484
434	4.163615742877957
435	4.169330932540337
436	4.174744580375966
437	4.175864728876782
438	4.17650900482375
439	4.177447751240077
440	4.180718221451123
441	4.188384238573803
442	4.189397525666329
443	4.1902310706410315
444	4.193314332949933
445	4.1958706286655465
446	4.196774345137141
447	4.198030656099622
448	4.198264156236564
449	4.198457427511966
450	4.199540439709492
451	4.20010739077015
452	4.201237336330608
453	4.2019629077938605
454	4.20378362807223
455	4.209371957303909
456	4.210668933497468
457	4.215716121236079
458	4.215765423240698
459	4.216107105051503
460	4.216915710096432
461	4.217732114197337
462	4.218230106579471
463	4.219333471569615
464	4.220689039734112
465	4.221320919427775
466	4.221787325546221
467	4.224662914645248
468	4.228806118977252
469	4.22911071285681
470	4.229716559087262
471	4.230729326416696
472	4.231286615322387
473	4.238118401790028
474	4.238545623225004
475	4.239359230408208
476	4.2412736999050615
477	4.242689830737973
478	4.2446752181134855
479	4.245158826979586
480	4.24583333980311
481	4.246114379069224
482	4.247049787852364
483	4.249427115856694
484	4.250566655117546
485	4.25336346722345
486	4.260596660377108
487	4.262119332659365
488	4.262751936836896
489	4.26378857537272
490	4.264583907189405
491	4.271338172635149
492	4.271821147710236
493	4.2736249315708426
494	4.275753635705122
495	4.276278236417601
496	4.277163871691614
497	4.279671345151923
498	4.280153305813443
499	4.280649873281494
500	4.2831331702885285
501	4.283731784236613
502	4.2847979706404775
503	4.285215575834216
504	4.2866416573524475
505	4.2873007776168395
506	4.2882835453158705
507	4.289344924771544
508	4.289534202081903
509	4.291727001254026
510	4.293149675852454
511	4.2942316109305105
512	4.298902479638605
513	4.302285466135153
514	4.303659028964599
515	4.303893115201275
516	4.304930021088135
517	4.305092500588918
518	4.305579947298251
519	4.306890100429809
520	4.307308526095097
521	4.309678106176369
522	4.3124047868748
523	4.313532452179393
524	4.313823601618636
525	4.314221924482869
526	4.3145643565331016
527	4.31557338450312
528	4.315774778499821
529	4.316108853646039
530	4.3169562126779315
531	4.318610230564769
532	4.321633505866612
533	4.321958909331239
534	4.323984418007625
535	4.324877135266507
536	4.3258589882460345
537	4.327431687848822
538	4.330128037460565
539	4.3305137934267215
540	4.332896562624098
541	4.336470590062856
542	4.337016445542048
543	4.337361800526907
544	4.337743189469509
545	4.338156967409674
546	4.341140496662728
547	4.3429319739795575
548	4.344219635358922
549	4.346690011395113
550	4.3480118634888365
551	4.349092768836142
552	4.34939699899878
553	4.349663541288242
554	4.352335260074756
555	4.352670214729866
556	4.3532217601834216
557	4.353835125827245
558	4.354572301777789
559	4.355480912486612
560	4.35649343651866
561	4.357035378665488
562	4.359738377561121
563	4.361025205988267
564	4.361741924951525
565	4.363730950706501
566	4.366074489004116
567	4.390387789209179
568	4.3908086590809265
569	4.390819561020069
570	4.391896917508339
571	4.3944337226942105
572	4.395150302252189
573	4.399481556250662
574	4.400221035603037
575	4.400523092314072
576	4.401890444195815
577	4.408296201737399
578	4.408476959063014
579	4.409349749914281
580	4.41090652335265
581	4.411371053210672
582	4.413832638015601
583	4.41533740197644
584	4.417298420620751
585	4.418207657216164
586	4.4197122720141095
587	4.420237551145445
588	4.420399943848855
589	4.421338233813114
590	4.4223009531721855
591	4.424611453893523
592	4.425007620211785
593	4.425140441598626
594	4.42612526535534
595	4.4277799166549885
596	4.428269841344223
597	4.429627650923233
598	4.4337867406116525
599	4.4344806466157065
600	4.434957443268469
601	4.435911227150012
602	4.437587524806787
603	4.43793750149647
604	4.439703478917555
605	4.439880312018588
606	4.442583281187539
607	4.443216772135441
608	4.4440431486682845
609	4.446264920009272
610	4.4480288886857515
611	4.455992001983417
612	4.456834132182719
613	4.457456885482454
614	4.46012836267349
615	4.462602825674611
616	4.4636479053778695
617	4.464785042147951
618	4.467059877242534
619	4.467310466515231
620	4.467537460744683
621	4.468193675131362
622	4.472650892276147
623	4.472934259640686
624	4.473554142764982
625	4.474470840795391
626	4.476400441854134
627	4.476815658323656
628	4.478446831444495
629	4.478770132105665
630	4.480413290903653
631	4.480737007322348
632	4.4848361374989985
633	4.485513799043779
634	4.486095372606353
635	4.487085335826511
636	4.487578757901482
637	4.488248423800855
638	4.4886327773937715
639	4.488981139614498
640	4.489221969118276
641	4.48968191668013
642	4.491901121920136
643	4.492869012360343
644	4.493924555137073
645	4.494224340744733
646	4.495158034759729
647	4.496410013077223
648	4.497804772808467
649	4.497832799774741
650	4.499640220350723
651	4.500056291897285
652	4.5002636457911604
653	4.501328351571778
654	4.502030266609592
655	4.502426116297087
656	4.502879766076047
657	4.504191837032434
658	4.505295939856979
659	4.509970949272517
660	4.519274805138257
661	4.519430379766195
662	4.51974988055562
663	4.520886125676523
664	4.521353618180389
665	4.52161033428865
666	4.522388108566328
667	4.522724733248277
668	4.522837651373469
669	4.5257927882035975
670	4.527039751070102
671	4.528649328701992
672	4.53029621861459
673	4.5307330442261575
674	4.532734998364739
675	4.533635804874038
676	4.533826906744599
677	4.534195928177253
678	4.535317724164065
679	4.535871063203073
680	4.536503421662725
681	4.537517425523797
682	4.538244239569921
683	4.538415577962314
684	4.53867428621211
685	4.539957345250597
686	4.540977638801039
687	4.541519030323489
688	4.543180913792043
689	4.54383845476027
690	4.546742928512205
691	4.547281765355374
692	4.549574536796149
693	4.556540692366925
694	4.556968643504956
695	4.559391313927428
696	4.566148365625573
697	4.573505212321197
698	4.576880334521913
699	4.577876582476996
700	4.580101482570171
701	4.580241594936339
702	4.580808210380489
703	4.580920627161029
704	4.58187642943133
705	4.582186747247798
706	4.582412830955788
707	4.582890257314983
708	4.586675593052721
709	4.586759505802907
710	4.587197624865523
711	4.5893850182821305
712	4.590086344610616
713	4.593311323278447
714	4.5937683004791365
715	4.593950635361187
716	4.5959797686504835
717	4.596357583961813
718	4.597115875841094
719	4.597187112581912
720	4.597565504878306
721	4.598140411910975
722	4.598710656619919
723	4.598988904906106
724	4.599829777167534
725	4.600035743664969
726	4.6006602012188305
727	4.601558019364546
728	4.602368853040758
729	4.603041803398108
730	4.603228151457866
731	4.60328758867259
732	4.6046993039208015
733	4.605156968655018
734	4.60550944684877
735	4.6064541366348415
736	4.607803155398611
737	4.609227543592755
738	4.610568727030972
739	4.611522618397541
740	4.612653217339878
741	4.6130654897332795
742	4.613321937771921
743	4.61583523096772
744	4.616686004786019
745	4.6172878806512365
746	4.617708882099481
747	4.6181219807509235
748	4.618705539760856
749	4.619771740385119
750	4.620018017662661
751	4.620841466987193
752	4.6214664643866765
753	4.6240202558751635
754	4.624167666406498
755	4.62436419706508
756	4.628085180322834
757	4.62897662118758
758	4.629059440895991
759	4.630164719512923
760	4.630257805478452
761	4.63052829812626
762	4.632361223628073
763	4.633489070999138
764	4.633581770555622
765	4.633927207043025
766	4.634044112779465
767	4.634459915802563
768	4.635506235592559
769	4.635909552766284
770	4.63609200239484
771	4.636670653552271
772	4.637409479976608
773	4.637662390729195
774	4.638391118061724
775	4.638679091965184
776	4.640362374711461
777	4.642305458219826
778	4.642613223928788
779	4.64294657689817
780	4.6435719449356725
781	4.644070745270869
782	4.644290237938087
783	4.644529025226378
784	4.645154162258061
785	4.658564240988438
786	4.658597352730139
787	4.6605363129283575
788	4.661321948287148
789	4.662416408471953
790	4.66342931970727
791	4.665745677606103
792	4.667794687002141
793	4.668150078372907
794	4.671182727375006
795	4.671496827590284
796	4.672420033192272
797	4.676179306118319
798	4.6772282651913955
799	4.677403771105757
800	4.67743864356715
801	4.677902854525196
802	4.678213814188381
803	4.679169139356783
804	4.680895224743083
805	4.681456123322702
806	4.6831070195297295
807	4.683867521470574
808	4.686530953396093
809	4.686678981191011
810	4.686826120816209
811	4.688276460933201
812	4.688955049148671
813	4.689081845020279
814	4.689646713246549
815	4.689835435167182
816	4.691032861014308
817	4.692477747419764
818	4.693805910155253
819	4.6943075571417205
820	4.694822776514261
821	4.695160254004038
822	4.699294586245179
823	4.699818053977744
824	4.7002779308914535
825	4.7008939103275384
826	4.702376984097631
827	4.7030173791997925
828	4.714298321662215
829	4.714965877042809
830	4.715543128739154
831	4.71574311797994
832	4.716695843009174
833	4.717947692964888
834	4.719012804442856
835	4.720282972691023
836	4.721523216230615
837	4.723324535991335
838	4.724831570147863
839	4.725179631319748
840	4.725623650674892
841	4.726048584895086
842	4.726590307836
843	4.726821349356985
844	4.727337421650814
845	4.734070584631813
846	4.7342199211949625
847	4.7355835058059785
848	4.736038563744671
849	4.737018762960047
850	4.7371549486054985
851	4.737570256826841
852	4.738171084505047
853	4.740903319743684
854	4.7420592745246015
855	4.7439757552243735
856	4.744571865588275
857	4.7481154599014275
858	4.74985232797976
859	4.7500961956185135
860	4.750583981650735
861	4.75163410588872
862	4.753458575775781
863	4.754240818964648
864	4.756749187024112
865	4.75723144283452
866	4.75794285089534
867	4.758908555365456
868	4.762024382119857
869	4.766565301923582
870	4.766829992157554
871	4.76709518797204
872	4.767939145643699
873	4.773906445745284
874	4.774613567112666
875	4.775038389763251
876	4.776216504461874
877	4.7766346220437645
878	4.783740348697919
879	4.784066667108972
880	4.784131082862162
881	4.784626024174811
882	4.785701757382015
883	4.785836013516194
884	4.787494983996837
885	4.787988840777257
886	4.790484728093075
887	4.792127806144922
888	4.79246416990527
889	4.792809890233321
890	4.793140046638886
891	4.796286775829828
892	4.797162031915588
893	4.79775658605365
894	4.798346848581648
895	4.800029467205106
896	4.800491601455636
897	4.800659658869511
898	4.801247210747699
899	4.802610500966232
900	4.803422921956493
901	4.80364460577517
902	4.805582456101621
903	4.806177585106815
904	4.807444381229769
905	4.808530243293283
906	4.808997419355484
907	4.81052584106547
908	4.817568149058347
909	4.818608132488836
910	4.819209621339885
911	4.820720003870538
912	4.821559226225475
913	4.82235999208719
914	4.823843123041434
915	4.824966651231504
916	4.826096957407627
917	4.826202159000532
918	4.826572098859071
919	4.827125893782843
920	4.828456390025047
921	4.829600947913785
922	4.830510833087912
923	4.83126807462443
924	4.831595388765868
925	4.832300775396037
926	4.8337800483867
927	4.834983193481029
928	4.83617122925175
929	4.83794731431201
930	4.838084575564123
931	4.839071193246672
932	4.839189725327612
933	4.839916089767127
934	4.8415966886402995
935	4.841811029060843
936	4.842038482881439
937	4.842534952811178
938	4.8435255572729305
939	4.845046546102175
940	4.850645139813423
941	4.852762401406535
942	4.854390153198072
943	4.8554620608914325
944	4.858299823960072
945	4.863330896887077
946	4.86511730769564
947	4.867609794067247
948	4.867949111358769
949	4.868262661970811
950	4.868618762432622
951	4.868728168800398
952	4.87123189889235
953	4.872692380762342
954	4.8737360630089865
955	4.874085878811512
956	4.877288464437886
957	4.877513190362659
958	4.878204005321271
959	4.878294829033353
960	4.879269894080114
961	4.8801548370552545
962	4.880289703456278
963	4.881443438947503
964	4.881599053589221
965	4.882619142910551
966	4.8827038451197184
967	4.88587780190906
968	4.8863145368655925
969	4.886634919849144
970	4.887083225519524
971	4.88759074689168
972	4.888374723607513
973	4.889370168526161
974	4.890008916558348
975	4.89017107288547
976	4.8908261628774214
977	4.892261308234961
978	4.895678888874006
979	4.89730448559456
980	4.8987826246598045
981	4.899539128324102
982	4.8998131097724595
983	4.901555604741053
984	4.901749928893172
985	4.904370492863171
986	4.905222249439525
987	4.905906282100581
988	4.906103295571913
989	4.906819169972149
990	4.908132909140006
991	4.908588342255142
992	4.908755523147922
993	4.909708966987992
994	4.9116568219691965
995	4.91205539641344
996	4.913225878464994
997	4.917487351119821
998	4.92082975842626
999	4.9219256436007885
1000	4.922199847961441
1001	4.9232964559557475
1002	4.923678535722234
1003	4.924553526234506
1004	4.9255140351916324
1005	4.925822021392396
1006	4.926951023376533
1007	4.927088140079817
1008	4.929205915876452
1009	4.930120576154157
1010	4.9370132000161915
1011	4.937220611774982
1012	4.937291169983482
1013	4.937703171357286
1014	4.938600611036199
1015	4.939098215950322
1016	4.939529557745469
1017	4.939809669092827
1018	4.940002784889361
1019	4.94084453265074
1020	4.941010484840664
1021	4.941705132498959
1022	4.942383576846365
1023	4.943594388625948
1024	4.943636144024467
1025	4.944378747174582
1026	4.944738357275876
1027	4.944800267818615
1028	4.945864486437158
1029	4.94644685619071
1030	4.9467749473104625
1031	4.947096864508493
1032	4.947360446232224
1033	4.947556412991533
1034	4.948317690851725
1035	4.949551200276704
1036	4.950508641031793
1037	4.951123311888748
1038	4.951251579268935
1039	4.953238791923233
1040	4.95670923764633
1041	4.957136036251402
1042	4.957604370822156
1043	4.957930845733221
1044	4.958312154723908
1045	4.958542793610979
1046	4.958977861452829
1047	4.960056300998339
1048	4.960989213685699
1049	4.961320526028042
1050	4.961447808191861
1051	4.96212131261523
1052	4.9632977269173875
1053	4.964069577340547
1054	4.965163886320167
1055	4.9660275800881655
1056	4.966337906981483
1057	4.966447266603485
1058	4.966572697468216
1059	4.967160478385572
1060	4.96752730564115
1061	4.967602758918922
1062	4.969904424348458
1063	4.970178856084189
1064	4.976088451855074
1065	4.977807136961651
1066	4.978057635087652
1067	4.979208216524971
1068	4.97933182997752
1069	4.981066370978573
1070	4.981543452228387
1071	4.983869636043679
1072	4.985079260268792
1073	4.985544075745011
1074	4.987111831982124
1075	4.98782123542074
1076	4.9887533060033915
1077	4.989444238129001
1078	4.992780664321129
1079	4.993035492255603
1080	4.995793726692345
1081	4.9962545236203875
1082	4.998888784404938
1083	5.002076448371568
1084	5.0026168505552455
1085	5.0043520673277415
1086	5.006583278100503
1087	5.006827357305488
1088	5.009156507964667
1089	5.010631303572413
1090	5.012432187795639
1091	5.013397616934656
1092	5.013869901447732
1093	5.014519296851255
1094	5.015034804262486
1095	5.0160656069892315
1096	5.016965202344251
1097	5.020878713067413
1098	5.022149663966925
1099	5.022630734567715
1100	5.022932189748372
1101	5.02319283624591
1102	5.0240828511376066
1103	5.024521948571133
1104	5.025549652310192
1105	5.02658353314787
1106	5.026666581025584
1107	5.026837587054006
1108	5.027162810267531
1109	5.0340136090662275
1110	5.035495811836974
1111	5.035579684346461
1112	5.03655223495464
1113	5.039177208231186
1114	5.039367372841399
1115	5.039528617777195
1116	5.04048913187787
1117	5.042154338532293
1118	5.043300476927443
1119	5.0440701829449175
1120	5.045600782191087
1121	5.04732602728805
1122	5.0479649520162395
1123	5.048073886917328
1124	5.048266217188182
1125	5.050536850306588
1126	5.051871115483609
1127	5.052889099656628
1128	5.05907926734934
1129	5.059499726834031
1130	5.062362300941182
1131	5.0635024334119665
1132	5.065074259330173
1133	5.065293276597401
1134	5.065525001907711
1135	5.066161420063924
1136	5.066580464845987
1137	5.06673087391454
1138	5.067490635411389
1139	5.067610366997985
1140	5.06920598659116
1141	5.069402035722878
1142	5.069699483550139
1143	5.071226254181209
1144	5.07151012659678
1145	5.072212796904108
1146	5.072819089450812
1147	5.07433879050204
1148	5.075797255193521
1149	5.076591737681839
1150	5.078514312956539
1151	5.07899051844166
1152	5.079562227813725
1153	5.080060990782559
1154	5.080292680012393
1155	5.081324047999939
1156	5.082042165592237
1157	5.082390535755206
1158	5.083474467551042
1159	5.083896289092635
1160	5.084788175403769
1161	5.085766582773422
1162	5.087825626437434
1163	5.088008354611809
1164	5.088117715595337
1165	5.088223480709313
1166	5.088707922451992
1167	5.0888156093619195
1168	5.089435527167344
1169	5.090283137060664
1170	5.090922226911874
1171	5.091840387827854
1172	5.092741403634173
1173	5.093196603625559
1174	5.093775817585476
1175	5.096942420160104
1176	5.097143865630106
1177	5.097402819143939
1178	5.097634556102873
1179	5.097953828306973
1180	5.100700184475952
1181	5.101674072482259
1182	5.1017817298924255
1183	5.102128846693765
1184	5.102841602212886
1185	5.1038273690164395
1186	5.107245302971849
1187	5.107454640762455
1188	5.108667716610856
1189	5.108896477724695
1190	5.109607375364013
1191	5.110017727474271
1192	5.110944568127545
1193	5.112601292466149
1194	5.113552861861166
1195	5.1137650714913
1196	5.113876637317202
1197	5.11437555890398
1198	5.114717083382727
1199	5.115632111121555
1200	5.115755201369373
1201	5.117817192059483
1202	5.11800748926734
1203	5.118892606896193
1204	5.1209083808406355
1205	5.12320556412191
1206	5.123969161797901
1207	5.124970769670409
1208	5.12525439050597
1209	5.125793613153061
1210	5.126496053513536
1211	5.1269569416639165
1212	5.128081279055116
1213	5.128751824274281
1214	5.13039942653046
1215	5.132063093524294
1216	5.133736643996941
1217	5.135102870198071
1218	5.135605482204917
1219	5.136205123463258
1220	5.13945820209036
1221	5.139697468674123
1222	5.140112622286463
1223	5.141033241137635
1224	5.1420336423942885
1225	5.142378942086006
1226	5.142702214155101
1227	5.144525308975108
1228	5.14524294451106
1229	5.146060549214407
1230	5.147291577406946
1231	5.147598156696044
1232	5.14932908458153
1233	5.14974352051764
1234	5.149935444826402
1235	5.150246957534461
1236	5.150765118108788
1237	5.151525676174817
1238	5.15167769472006
1239	5.156899172642509
1240	5.157078772026876
1241	5.157698157475079
1242	5.158618007441462
1243	5.15895927670946
1244	5.159261541091246
1245	5.159618799759047
1246	5.160294292390649
1247	5.160913320437905
1248	5.160961611243674
1249	5.161187468068249
1250	5.1735753843627
1251	5.176650743345319
1252	5.176901665133268
1253	5.177231398330727
1254	5.1776745469134475
1255	5.177838294941762
1256	5.17791668405085
1257	5.178401503087906
1258	5.178898110229352
1259	5.179918420345045
1260	5.180265236021904
1261	5.1803907184733955
1262	5.180739139315441
1263	5.181625684883994
1264	5.182265088264712
1265	5.184657338231348
1266	5.185562354583426
1267	5.186353582869931
1268	5.18655952780985
1269	5.187181256673663
1270	5.187312300132616
1271	5.187597635963241
1272	5.191842783904318
1273	5.192031596290883
1274	5.199678072091286
1275	5.199900213307536
1276	5.200277196649973
1277	5.2009858685701635
1278	5.201340703492237
1279	5.2014699442132475
1280	5.201900873692508
1281	5.203220498213914
1282	5.204147441662507
1283	5.204823063714855
1284	5.205804401696636
1285	5.206082833675564
1286	5.206446971006805
1287	5.2066113683324176
1288	5.20738752481296
1289	5.207556007779794
1290	5.210699083992672
1291	5.210779881114282
1292	5.212236922631409
1293	5.212626788897563
1294	5.213854589211154
1295	5.214128402057033
1296	5.214310575408984
1297	5.214377988867348
1298	5.215187198922114
1299	5.215491788187608
1300	5.215943177263749
1301	5.216551669206716
1302	5.216835627625437
1303	5.217229840719155
1304	5.2177986662248665
1305	5.218372872260017
1306	5.219026409656868
1307	5.219115189943217
1308	5.219613051127056
1309	5.220466088900712
1310	5.22187629130286
1311	5.222485655077218
1312	5.222889313767404
1313	5.223325482631092
1314	5.22382347550489
1315	5.224566861987114
1316	5.2250322917391205
1317	5.225121026489941
1318	5.225593459031304
1319	5.22634262519742
1320	5.226449237635293
1321	5.226791459064798
1322	5.2279517527310375
1323	5.242484382036979
1324	5.243390422711518
1325	5.245648903138746
1326	5.2458723713147455
1327	5.246118726691014
1328	5.246780729838434
1329	5.247027970056243
1330	5.247340619942259
1331	5.2478328341154885
1332	5.248359436613654
1333	5.248912840098294
1334	5.249447369636012
1335	5.249851931548361
1336	5.252046672750246
1337	5.252267636396558
1338	5.253159775195388
1339	5.254185918018902
1340	5.254832586661208
1341	5.254997347665922
1342	5.256243353643393
1343	5.256669538804722
1344	5.256873112342079
1345	5.256991258732558
1346	5.25792786236947
1347	5.258333528253632
1348	5.258487200600847
1349	5.259155903900336
1350	5.259497028619505
1351	5.259858453409926
1352	5.260328446547997
1353	5.260484922204526
1354	5.260755672823959
1355	5.260824352427182
1356	5.262493005939547
1357	5.262622448771738
1358	5.262778949087041
1359	5.263836061440143
1360	5.264310011176893
1361	5.264577846690483
1362	5.265169473317674
1363	5.265697092422979
1364	5.265917692768392
1365	5.2674719663289595
1366	5.27012719667805
1367	5.270446028881872
1368	5.270662171132673
1369	5.270854973021498
1370	5.271709615355216
1371	5.271980616495694
1372	5.272604377060977
1373	5.273055515767354
1374	5.273299310034907
1375	5.2735311455532985
1376	5.2737887438178666
1377	5.274121350670224
1378	5.274629693119054
1379	5.274841604801604
1380	5.2753303369441005
1381	5.275452047586441
1382	5.275599659321272
1383	5.277245006358563
1384	5.2784142510086145
1385	5.2787911610554925
1386	5.307549941055666
1387	5.307912939015379
1388	5.308178792598889
1389	5.308476174392071
1390	5.308865148782125
1391	5.308891331862072
1392	5.309339323700382
1393	5.310145932632654
1394	5.310249335118357
1395	5.31055119883288
1396	5.311278366573571
1397	5.311796377304241
1398	5.312020287976652
1399	5.313323089540912
1400	5.31366681439925
1401	5.313963624426556
1402	5.314197228493424
1403	5.314811656393376
1404	5.315064919327721
1405	5.315197496925514
1406	5.315377167487507
1407	5.3158283241963025
1408	5.316216639455805
1409	5.317057431651856
1410	5.317345044031966
1411	5.317553205462882
1412	5.317979507488648
1413	5.319012213252523
1414	5.319172118974821
1415	5.319700773219167
1416	5.320173089728137
1417	5.320466331797203
1418	5.322990982514347
1419	5.32342757246821
1420	5.323559572627096
1421	5.324108164322558
1422	5.324364231398263
1423	5.324573304220505
1424	5.3247016397527025
1425	5.325642205963885
1426	5.325875835597213
1427	5.32629166233358
1428	5.327283248986085
1429	5.327801038922392
1430	5.3280262462227475
1431	5.328217040312472
1432	5.3284195733403195
1433	5.328573276851383
1434	5.328832069478059
1435	5.329074958935002
1436	5.329225998693311
1437	5.32962879523408
1438	5.32997045601685
1439	5.339048209302317
1440	5.339517611461847
1441	5.340255474832458
1442	5.340395810489122
1443	5.340668382378399
1444	5.340725362905996
1445	5.3408923663463685
1446	5.341200788084626
1447	5.3415932904191425
1448	5.3420846074970845
1449	5.34344917013863
1450	5.343808737124888
1451	5.345093964849632
1452	5.345265294845939
1453	5.346589610812628
1454	5.346906559116344
1455	5.347364393663286
1456	5.34904291174436
1457	5.3491380106525375
1458	5.349568222228646
1459	5.3497690406396305
1460	5.3503010862218545
1461	5.350672552882112
1462	5.351396202814155
1463	5.351684735359879
1464	5.35210325678593
1465	5.352335521261099
1466	5.352976318543332
1467	5.354555687550361
1468	5.354664379721366
1469	5.355336760355131
1470	5.355751966537558
1471	5.356380947804088
1472	5.356552436796542
1473	5.357355091701909
1474	5.357687621325406
1475	5.357751881259347
1476	5.358269178549651
1477	5.358602326609156
1478	5.359167317902376
1479	5.359920549513725
1480	5.360328729155705
1481	5.360543715999211
1482	5.3619966227088485
1483	5.362891142289651
1484	5.363151627521829
1485	5.363346024515665
1486	5.3639031591905555
1487	5.363939043909765
1488	5.3640883346348245
1489	5.364355737031413
1490	5.364746487609626
1491	5.36501769539971
1492	5.365339611841337
1493	5.365849296983123
1494	5.366819410608505
1495	5.3670602422680345
1496	5.369795270226328
1497	5.370165472708377
1498	5.3703045165024434
1499	5.3713565442314
1500	5.37202158093755
1501	5.374742951111745
1502	5.375732771863187
1503	5.376058656249555
1504	5.376116844603253
1505	5.376857232018776
1506	5.377362821761727
1507	5.377878812742113
1508	5.378038867778584
1509	5.38045028684103
1510	5.381129002056751
1511	5.381300885967796
1512	5.381998476945809
1513	5.384195312630706
1514	5.3846467698588585
1515	5.3847774554630226
1516	5.38497849088635
1517	5.385646037643936
1518	5.386117034303355
1519	5.386849985736881
1520	5.3886690398460715
1521	5.388937702033726
1522	5.38926857414887
1523	5.391255459280184
1524	5.392672667421666
1525	5.393114769216721
1526	5.393291775193917
1527	5.394337613041026
1528	5.394630621532499
1529	5.395242543465595
1530	5.396954104833797
1531	5.397156176757692
1532	5.401004714787309
1533	5.401977465918222
1534	5.402475733744916
1535	5.402617070426795
1536	5.403052597027744
1537	5.403130013628054
1538	5.404425256597209
1539	5.405357777542874
1540	5.406217562743855
1541	5.408281966060551
1542	5.409003383011988
1543	5.409509677269737
1544	5.409855679963446
1545	5.410041263336457
1546	5.411398834534708
1547	5.412889661673967
1548	5.413305097803247
1549	5.414418601672057
1550	5.415643539752452
1551	5.415749643357272
1552	5.417006782544446
1553	5.417571451987712
1554	5.417687285294387
1555	5.4177744874948175
1556	5.41815880750339
1557	5.41854043819275
1558	5.418583057102213
1559	5.419678152439558
1560	5.4199272978124275
1561	5.420513780664671
1562	5.421549346241249
1563	5.424489350790905
1564	5.425285497670852
1565	5.427443801902878
1566	5.427661561799534
1567	5.428370641875388
1568	5.428540700280727
1569	5.428649080435031
1570	5.431515580884696
1571	5.4332877339294114
1572	5.433768508019786
1573	5.434983875243192
1574	5.435115506125586
1575	5.436695820032643
1576	5.437632822824009
1577	5.439079816041864
1578	5.439407971607247
1579	5.439751488000608
1580	5.4399563845644145
1581	5.440677960436356
1582	5.442612397867411
1583	5.443120852944815
1584	5.443203604841595
1585	5.4441185772872815
1586	5.444285975797527
1587	5.4449764971200585
1588	5.446930210602465
1589	5.448612887922883
1590	5.449697525292484
1591	5.450346058622229
1592	5.450997003519595
1593	5.455329509555991
1594	5.4564385702313505
1595	5.456553531706636
1596	5.456686714200804
1597	5.457140295109168
1598	5.457734217498508
1599	5.458291086070429
1600	5.459874509554829
1601	5.460781040303599
1602	5.462732070896226
1603	5.46336794421455
1604	5.46420428943513
1605	5.465003774704667
1606	5.465304197318058
1607	5.465631426439672
1608	5.466248720203559
1609	5.466531410813332
1610	5.466941183593673
1611	5.466980547923122
1612	5.467501876923033
1613	5.467552773919202
1614	5.468131249174854
1615	5.468370761968157
1616	5.46913852024502
1617	5.469666173539791
1618	5.472031514354164
1619	5.472254636702199
1620	5.472836841710933
1621	5.475048898742889
1622	5.475458669480939
1623	5.475693524942785
1624	5.475845821315262
1625	5.476115629379519
1626	5.476309861855459
1627	5.476377720533288
1628	5.476566081270954
1629	5.478164968227372
1630	5.479494637341669
1631	5.479889479839257
1632	5.481967914679329
1633	5.482337611959065
1634	5.4823748805952555
1635	5.482783294344311
1636	5.483566052795667
1637	5.484596374071189
1638	5.484863121724371
1639	5.484980559893671
1640	5.485182866605405
1641	5.485349287312043
1642	5.485990753028599
1643	5.486438895769531
1644	5.486454997268425
1645	5.48656087236356
1646	5.486653493972599
1647	5.4876208275102725
1648	5.4878350389639134
1649	5.488090314462705
1650	5.490188006292745
1651	5.4912149256407305
1652	5.491539401905186
1653	5.493298288453654
1654	5.493855459209021
1655	5.494049203955583
1656	5.494962133505018
1657	5.495176212814859
1658	5.495389109335575
1659	5.495848198605673
1660	5.496668872570023
1661	5.497813926054741
1662	5.4991629955732275
1663	5.49930893928569
1664	5.499761839505985
1665	5.499953648916961
1666	5.500106202618119
1667	5.500399248022114
1668	5.500844404555214
1669	5.50176188190879
1670	5.502143536954362
1671	5.504619870996717
1672	5.5048644164492035
1673	5.505317739953244
1674	5.505683032313579
1675	5.505876471699797
1676	5.506776534058721
1677	5.507100715401209
1678	5.507198219447572
1679	5.507331762443944
1680	5.511467274524233
1681	5.511632315247192
1682	5.512623352674663
1683	5.512909148172073
1684	5.513032090769807
1685	5.519102374687413
1686	5.519647713769511
1687	5.519958459937633
1688	5.521264422439077
1689	5.5213660550147745
1690	5.5215862246636815
1691	5.521829178717536
1692	5.522008387721734
1693	5.522161661141415
1694	5.52245727975659
1695	5.523206958008297
1696	5.524410132753667
1697	5.525830426948325
1698	5.526474666701356
1699	5.52682023181528
1700	5.527301172087641
1701	5.52979341126638
1702	5.530319082631072
1703	5.53053968010215
1704	5.53068854693834
1705	5.531025317341543
1706	5.53115328004215
1707	5.531922277006401
1708	5.532347723614746
1709	5.532519496107464
1710	5.533620960064951
1711	5.534065619413623
1712	5.534253534175417
1713	5.5349001780833085
1714	5.535682759233538
1715	5.536054835555517
1716	5.537561496956094
1717	5.53793185487919
1718	5.538422281291279
1719	5.539154404613572
1720	5.540063228023234
1721	5.5405381790121195
1722	5.542452276811987
1723	5.543413409651233
1724	5.543547276691132
1725	5.543636601361526
1726	5.544162844416454
1727	5.544309283951818
1728	5.544931582085372
1729	5.545947358692963
1730	5.548214617341303
1731	5.549037514377367
1732	5.550132150123567
1733	5.550321020148127
1734	5.550395112125401
1735	5.550658306570223
1736	5.550805816039216
1737	5.551581965106998
1738	5.552186583428819
1739	5.5522809193521585
1740	5.552445141797138
1741	5.552803142648663
1742	5.553309188125097
1743	5.553703108036578
1744	5.554027872037161
1745	5.554252412945486
1746	5.554540654729466
1747	5.555600426296897
1748	5.555824362460127
1749	5.556696691564497
1750	5.5572271962758855
1751	5.557424912900489
1752	5.558129934338749
1753	5.558326878977306
1754	5.558631072567804
1755	5.561241111401374
1756	5.561887334143449
1757	5.562056273070689
1758	5.562450823671926
1759	5.563395420609392
1760	5.5638676472575535
1761	5.5640980497683366
1762	5.566312502332146
1763	5.566344748369328
1764	5.567922544509626
1765	5.568282117168915
1766	5.568867772136848
1767	5.569435916576289
1768	5.570286838611976
1769	5.570642005065976
1770	5.571158413354516
1771	5.572041271906818
1772	5.572392324051881
1773	5.572914598632585
1774	5.573196533518999
1775	5.573703837803173
1776	5.575122384099186
1777	5.575793528919898
1778	5.575828399528102
1779	5.575951610271096
1780	5.576050210649592
1781	5.576218840737028
1782	5.57666920223817
1783	5.577648915312617
1784	5.577943046232165
1785	5.5781763609744575
1786	5.578509946311186
1787	5.578737392870303
1788	5.578956592355283
1789	5.57964800661288
1790	5.5801975322405095
1791	5.580383010927191
1792	5.580613684533211
1793	5.5812796904199615
1794	5.581384059892693
1795	5.581647027945761
1796	5.5866369002210305
1797	5.589098307384452
1798	5.590205618724
1799	5.5914365482058015
1800	5.591639639762453
1801	5.591812256704732
1802	5.595190523844685
1803	5.595660452612766
1804	5.59669186817813
1805	5.597299378459828
1806	5.600592780234245
1807	5.601143651353526
1808	5.601464700653469
1809	5.601917825071945
1810	5.60231067383955
1811	5.602628315690205
1812	5.603843930711601
1813	5.6047108008474265
1814	5.604974101945229
1815	5.605362760460921
1816	5.605728867090293
1817	5.606251107254609
1818	5.606931032414364
1819	5.607058870837773
1820	5.608240326497761
1821	5.609392547365372
1822	5.609757708716513
1823	5.6108615871915966
1824	5.611240642249282
1825	5.612229303357565
1826	5.6138372273009445
1827	5.615579087192637
1828	5.615927173552779
1829	5.616062004856651
1830	5.616709816425585
1831	5.616978188683539
1832	5.618224696005662
1833	5.618600162606554
1834	5.6191175025580495
1835	5.619373307842289
1836	5.620212270750613
1837	5.622083830273696
1838	5.622472182597001
1839	5.622991551602553
1840	5.623712166765619
1841	5.62374530233405
1842	5.623807787138799
1843	5.624012724170225
1844	5.624432238679247
1845	5.624809650222057
1846	5.6258021703528875
1847	5.627119321205894
1848	5.627788966531075
1849	5.628718964415153
1850	5.628802065846279
1851	5.629187583393857
1852	5.6291894719080275
1853	5.629505407386625
1854	5.631076791110983
1855	5.6313081755099565
1856	5.63259520370343
1857	5.632955246240959
1858	5.634355777335651
1859	5.634490601302404
1860	5.634697705582919
1861	5.635460952136117
1862	5.6359697842809755
1863	5.636256532318096
1864	5.636318009289993
1865	5.637510009828558
1866	5.638355230014336
1867	5.64143784283684
1868	5.6418001690340525
1869	5.642117663083343
1870	5.643078260085909
1871	5.643306153226019
1872	5.643592678653407
1873	5.643889451843833
1874	5.644354251662486
1875	5.644656260833522
1876	5.645387411798318
1877	5.6457052178643075
1878	5.646516678599537
1879	5.646908199877909
1880	5.648271033455273
1881	5.6494920352086195
1882	5.65002659061536
1883	5.651250869565204
1884	5.651598191957183
1885	5.652536330035495
1886	5.652900935051405
1887	5.654342192456807
1888	5.654397538016895
1889	5.655429521339194
1890	5.658508870504835
1891	5.6589628249255535
1892	5.661557512537477
1893	5.662251485332015
1894	5.662718027300641
1895	5.663583119962421
1896	5.664560813740425
1897	5.665116121472441
1898	5.665199574555842
1899	5.665307315246102
1900	5.665436651274033
1901	5.665524897992913
1902	5.665673243969225
1903	5.666069211315382
1904	5.666525446748371
1905	5.666644688487658
1906	5.6678361072758126
1907	5.667952182177965
1908	5.668958001859902
1909	5.669483794324894
1910	5.6698470952244575
1911	5.670002938224579
1912	5.670272727832576
1913	5.67058136378448
1914	5.672276865482935
1915	5.672454010411568
1916	5.673542717689185
1917	5.673861411395412
1918	5.673940233697141
1919	5.675134912587059
1920	5.675935447064753
1921	5.676073167075965
1922	5.6762599753698115
1923	5.676520116438115
1924	5.676612854306468
1925	5.676942712386247
1926	5.67739843111958
1927	5.677589224301619
1928	5.6785309156639325
1929	5.679015408236968
1930	5.679300709046083
1931	5.68213936353698
1932	5.682562812784601
1933	5.684432630308994
1934	5.6844946570354065
1935	5.684679331967068
1936	5.684728160500526
1937	5.68517879014693
1938	5.686550923183485
1939	5.6867925802311925
1940	5.686900774310083
1941	5.687663050321153
1942	5.68933279441698
1943	5.689390541181951
1944	5.689585598516585
1945	5.690422934853486
1946	5.690469483055439
1947	5.693558879537026
1948	5.693690924399395
1949	5.693784759658848
1950	5.694007610230882
1951	5.69576584899486
1952	5.696307493723588
1953	5.698224964556355
1954	5.698890609260138
1955	5.700272481907443
1956	5.700444305760001
1957	5.700671625243226
1958	5.701770501466572
1959	5.702577783976714
1960	5.7030566128982505
1961	5.704108607194145
1962	5.705987300288859
1963	5.70839547566351
1964	5.708749448209245
1965	5.710513952949325
1966	5.710784791311637
1967	5.711133503520549
1968	5.711363810421852
1969	5.71173811087451
1970	5.712279029228361
1971	5.712541772099921
1972	5.713455058218259
1973	5.714851771816989
1974	5.716190067039529
1975	5.718048521331724
1976	5.718297696431276
1977	5.718801388280646
1978	5.719346090546114
1979	5.719818710221857
1980	5.720611360094269
1981	5.7219502417569235
1982	5.722193028342906
1983	5.722441478429107
1984	5.722645665410206
1985	5.722753499894578
1986	5.723442230354711
1987	5.723472958893946
1988	5.7245735603994525
1989	5.72502673822006
1990	5.725446904446873
1991	5.725929396179727
1992	5.726662375751486
1993	5.726997095770037
1994	5.727068525885567
1995	5.727199524111554
1996	5.728258570892557
1997	5.729755471578709
1998	5.729998631450125
1999	5.730050092345567
2000	5.730408998234623
2001	5.732561253502889
2002	5.7327171118580145
2003	5.733848610807796
2004	5.734131296954784
2005	5.73480208097073
2006	5.736215206496607
2007	5.7366598946642755
2008	5.7373467852470235
2009	5.737557825854587
2010	5.738337650289996
2011	5.738707810791616
2012	5.739104789828286
2013	5.739709057481155
2014	5.7399698009497016
2015	5.740217860201894
2016	5.740642420909731
2017	5.742469450846541
2018	5.743688368555253
2019	5.743786689971909
2020	5.743931340687166
2021	5.744061092510441
2022	5.745244099479641
2023	5.745687457208101
2024	5.745896901727328
2025	5.746016332567645
2026	5.746446144762378
2027	5.746551688552508
2028	5.748411475174923
2029	5.748511359095573
2030	5.748919885095001
2031	5.751824560050432
2032	5.752151116426221
2033	5.752346261276812
2034	5.752505626624005
2035	5.752811275006551
2036	5.75309132599286
2037	5.753641692590593
2038	5.75395425488501
2039	5.755132467159765
2040	5.7557440639147295
2041	5.756054255109148
2042	5.7565802192022355
2043	5.7568223449935765
2044	5.757168027728342
2045	5.7576091996001715
2046	5.757753267430412
2047	5.760184688767806
2048	5.760864576334275
2049	5.761562709351481
2050	5.762641929581686
2051	5.763147735656215
2052	5.763634555230891
2053	5.764318687812931
2054	5.765657743599815
2055	5.766770661784912
2056	5.767197536332958
2057	5.767421228480218
2058	5.767748817650195
2059	5.768587583817807
2060	5.7687031395241695
2061	5.769617857439869
2062	5.769690199627489
2063	5.770240397698383
2064	5.770906109797773
2065	5.771108930637388
2066	5.771361635723695
2067	5.7716281068355295
2068	5.7718254585707855
2069	5.772294614369494
2070	5.772538739790771
2071	5.7736655236198215
2072	5.774662593370162
2073	5.7747963934682955
2074	5.775063092409051
2075	5.777587550167505
2076	5.778013261290371
2077	5.7781456381385095
2078	5.778173754133549
2079	5.778550305796154
2080	5.779353661888142
2081	5.78131417166158
2082	5.781797374868151
2083	5.782807654384429
2084	5.783122696322838
2085	5.783343586673591
2086	5.783585790677119
2087	5.785850682536963
2088	5.786867896009823
2089	5.787107206918867
2090	5.7875266395849625
2091	5.788597745338672
2092	5.788875599727413
2093	5.78975846085149
2094	5.79001754968602
2095	5.790600898680348
2096	5.791057214443454
2097	5.7920726048311
2098	5.796856245716211
2099	5.797017466522715
2100	5.797434744269109
2101	5.797493206894942
2102	5.797542367943652
2103	5.797691820841755
2104	5.798168068231665
2105	5.79877865571661
2106	5.798942701541228
2107	5.799173828233317
2108	5.799879517122574
2109	5.800426972623404
2110	5.800453827617132
2111	5.8013555673021955
2112	5.802152318397754
2113	5.802409302916018
2114	5.803007267982826
2115	5.80370208242823
2116	5.804031584090388
2117	5.80455401078396
2118	5.807870437121633
2119	5.808659972121873
2120	5.810389900948795
2121	5.810455779738838
2122	5.812407573391943
2123	5.813401268974778
2124	5.814510902096777
2125	5.814748887256317
2126	5.8149408213226925
2127	5.815557700728402
2128	5.815718034877995
2129	5.81582006335561
2130	5.816311160319953
2131	5.818408290293011
2132	5.818713141576893
2133	5.820096695105437
2134	5.820921060170619
2135	5.820925618110574
2136	5.822843401565165
2137	5.823392625690111
2138	5.82405667657477
2139	5.824258992287713
2140	5.824374959629199
2141	5.824614011696752
2142	5.825378428255846
2143	5.827634032607683
2144	5.828124528835873
2145	5.828419939212993
2146	5.830540336176829
2147	5.830592369065067
2148	5.830699556823914
2149	5.831145349492881
2150	5.831373184389874
2151	5.831462714650909
2152	5.831702779997424
2153	5.83238247974875
2154	5.832699424497367
2155	5.832838390003606
2156	5.833098224501319
2157	5.834340314952855
2158	5.835080165775294
2159	5.835740062564158
2160	5.835928603401644
2161	5.836355861749141
2162	5.837508642128881
2163	5.83995330023584
2164	5.840179914220941
2165	5.840874141318544
2166	5.844554262112845
2167	5.8448145552183774
2168	5.8453898035784055
2169	5.847285054737541
2170	5.847584551512288
2171	5.848342574716825
2172	5.84852733118885
2173	5.849061419062203
2174	5.849259720614114
2175	5.849483771750769
2176	5.850002343884579
2177	5.851154348798815
2178	5.851713110952813
2179	5.851821072437437
2180	5.8527230189233865
2181	5.853877773064042
2182	5.854521329859792
2183	5.855287590532133
2184	5.855906624706264
2185	5.8604913897018145
2186	5.860926233799324
2187	5.861109435028836
2188	5.861488925170172
2189	5.862062580164919
2190	5.862347760554497
2191	5.86242128689277
2192	5.862783402960917
2193	5.863047346170179
2194	5.865540065211693
2195	5.86632343514014
2196	5.866478561598638
2197	5.867616705709907
2198	5.867854653049242
2199	5.868011114712294
2200	5.868197639657156
2201	5.869089065998944
2202	5.8699555050600605
2203	5.870127503944532
2204	5.8702055206758725
2205	5.8732252530942715
2206	5.873851972031714
2207	5.874535495254594
2208	5.874679959440594
2209	5.875210320662121
2210	5.877796067652969
2211	5.877882275787102
2212	5.87801161892523
2213	5.879506321803567
2214	5.881086318701657
2215	5.881313684098612
2216	5.881899507971585
2217	5.882075768739439
2218	5.882297270340363
2219	5.8832692055381495
2220	5.883750496101259
2221	5.884270595414989
2222	5.884914058643549
2223	5.885111916186241
2224	5.8853239965469095
2225	5.885374287209535
2226	5.885897120319042
2227	5.886009652526851
2228	5.8862060412083785
2229	5.886748704737818
2230	5.887092236334903
2231	5.887378243247264
2232	5.887942572233036
2233	5.888951284782536
2234	5.889683335868235
2235	5.892059339257666
2236	5.893794492719137
2237	5.894207575675194
2238	5.894440084241974
2239	5.894719046460191
2240	5.895496886923229
2241	5.895744015798351
2242	5.895969108806043
2243	5.89598093828574
2244	5.896453773612298
2245	5.896675569303144
2246	5.8968665751860225
2247	5.897510080546292
2248	5.897966761274386
2249	5.898274887863755
2250	5.898470760602032
2251	5.90062203821797
2252	5.901402288130697
2253	5.902386026485317
2254	5.902533069177327
2255	5.903143800152135
2256	5.90392492507315
2257	5.904223691085874
2258	5.906225229050907
2259	5.9099529071659
2260	5.911425765320129
2261	5.911737956900887
2262	5.912129119114223
2263	5.9124477495094245
2264	5.913542137155073
2265	5.914047514877948
2266	5.914563931562574
2267	5.915995918403422
2268	5.917933255963519
2269	5.918545746183033
2270	5.918584799630388
2271	5.918935666759002
2272	5.918995094707775
2273	5.919153361907465
2274	5.919738889118742
2275	5.920402804077579
2276	5.920636624551666
2277	5.921084448922104
2278	5.922779309870628
2279	5.9230727696328
2280	5.92334367395355
2281	5.923857330216975
2282	5.925405887555955
2283	5.925543833353798
2284	5.925820227958224
2285	5.92645159620924
2286	5.92682136194355
2287	5.927180114131288
2288	5.9293303479095405
2289	5.929684160702725
2290	5.930000156466731
2291	5.931404624871796
2292	5.9315594293290586
2293	5.932008525290465
2294	5.933141788628501
2295	5.9343986732856875
2296	5.935044643766989
2297	5.935638804121066
2298	5.936062236576516
2299	5.936232569027068
2300	5.937607285108058
2301	5.938060689774262
2302	5.938850241264111
2303	5.939310832147671
2304	5.9399991862211134
2305	5.941088897398281
2306	5.941164837875947
2307	5.941359944301208
2308	5.941819998289123
2309	5.942059938980238
2310	5.942386695349277
2311	5.943123691199999
2312	5.945545702643201
2313	5.9472970923947805
2314	5.947712451900323
2315	5.948020038946631
2316	5.948242250811025
2317	5.9490403424816085
2318	5.949272621631017
2319	5.949361877090435
2320	5.950513421959683
2321	5.950591836181389
2322	5.950647111622815
2323	5.9514395668724465
2324	5.952430367772349
2325	5.953084256367635
2326	5.955063447658786
2327	5.9554753126529265
2328	5.955665119559631
2329	5.956223926644035
2330	5.9574268033661815
2331	5.957543733610114
2332	5.957665598785817
2333	5.958051276539788
2334	5.958447168094253
2335	5.95862069665478
2336	5.959832804835387
2337	5.9606533472610606
2338	5.961531771923685
2339	5.962354180625248
2340	5.962965338136339
2341	5.964398549444179
2342	5.964664041693441
2343	5.965428773748693
2344	5.966671330069527
2345	5.968446332866771
2346	5.968619569757868
2347	5.968853816692599
2348	5.969567460608362
2349	5.970149965380049
2350	5.9713024259521275
2351	5.971619644897238
2352	5.971801813937685
2353	5.97186000524136
2354	5.972127307716965
2355	5.97229997329603
2356	5.972987675122198
2357	5.97338619616431
2358	5.973535962667562
2359	5.9741241692891585
2360	5.974706714074624
2361	5.974867850390788
2362	5.975698206252253
2363	5.975914900375502
2364	5.976216034311329
2365	5.976757077396218
2366	5.977239551883058
2367	5.978310564220859
2368	5.9788842316962745
2369	5.980371674532212
2370	5.9807947829441375
2371	5.981274330676509
2372	5.9818219143121985
2373	5.9819541604537045
2374	5.982646933742586
2375	5.98276898446422
2376	5.983019190996432
2377	5.983756254620964
2378	5.98401526199077
2379	5.984228470376905
2380	5.984349546320547
2381	5.9847054790119225
2382	5.985633023574873
2383	5.9875435931277154
2384	5.9897173297435495
2385	5.9904943627451885
2386	5.990851535485481
2387	5.992475655100067
2388	5.9934580843460745
2389	5.993691838029678
2390	5.995011072322197
2391	5.995428896116726
2392	5.9957553497728355
2393	5.9970344979750925
2394	5.997139745330448
2395	5.997696611481874
2396	5.9989341409678385
2397	5.999313036953737
2398	5.99982527442995
2399	6.0001360866321525
2400	6.000315617864507
2401	6.000431941472335
2402	6.0013760298036685
2403	6.001482460628911
2404	6.002187579718943
2405	6.002300453897055
2406	6.003188392081237
2407	6.003547607112657
2408	6.004161817924626
2409	6.005774235135408
2410	6.006039296990724
2411	6.006086738052102
2412	6.006364311890554
2413	6.006562127528457
2414	6.006687630856703
2415	6.006793354897935
2416	6.007064308763155
2417	6.008355183725429
2418	6.008738334711433
2419	6.009018978718574
2420	6.011970457767472
2421	6.012343118335995
2422	6.01373113003479
2423	6.013849024845259
2424	6.014524183448801
2425	6.014730082928832
2426	6.022426433369593
2427	6.022827175289846
2428	6.023154072652614
2429	6.023787871381353
2430	6.024050459643911
2431	6.02412715478597
2432	6.025530190107786
2433	6.027581362252308
2434	6.027747644385711
2435	6.027930584428879
2436	6.0285102911104405
2437	6.028620342388371
2438	6.028746957403754
2439	6.029228464298442
2440	6.029525935649872
2441	6.029766865036814
2442	6.030091742271094
2443	6.030451387999022
2444	6.031068786297958
2445	6.0320837552172275
2446	6.032640794055716
2447	6.032799857673306
2448	6.032966268168488
2449	6.033449388397527
2450	6.033669224320935
2451	6.034339269103133
2452	6.034862516646458
2453	6.035183015662401
2454	6.037105044283843
2455	6.0376068528382305
2456	6.037944969640771
2457	6.038139826528312
2458	6.038216858421485
2459	6.038254064276134
2460	6.038311532079266
2461	6.040069372142632
2462	6.040421040832694
2463	6.04072565248775
2464	6.041155937132497
2465	6.044405058101955
2466	6.04545320396496
2467	6.046485579104593
2468	6.0467164579230515
2469	6.047921641602129
2470	6.048804850823383
2471	6.049113158042056
2472	6.0493213289280225
2473	6.049593075353482
2474	6.049853003947868
2475	6.051419654397795
2476	6.051625623315724
2477	6.053037445027816
2478	6.053291224813099
2479	6.053378100246947
2480	6.053503402825539
2481	6.053667127480967
2482	6.054358740597207
2483	6.054630983450691
2484	6.05634777837901
2485	6.057207296039852
2486	6.058513054009621
2487	6.0601911388224154
2488	6.060229263708071
2489	6.062743704104181
2490	6.062944910247919
2491	6.0631514891301315
2492	6.063319550931151
2493	6.063481913983519
2494	6.064120715417838
2495	6.064779440309795
2496	6.065406859299253
2497	6.066362757595058
2498	6.066682900495941
2499	6.067531826154229
2500	6.067792126596881
2501	6.0688259002520955
2502	6.069000808645021
2503	6.070182028987686
2504	6.07100271634039
2505	6.071917823955492
2506	6.073424585882178
2507	6.073597175140066
2508	6.0746530963835985
2509	6.075016410066391
2510	6.076019970596139
2511	6.0763625721187156
2512	6.07736565301261
2513	6.078077735407703
2514	6.078228709888338
2515	6.078925900955491
2516	6.08101622782988
2517	6.081850259437174
2518	6.081919348708869
2519	6.083460161074769
2520	6.083974742496074
2521	6.084036363336035
2522	6.084214298101851
2523	6.084457888669774
2524	6.0848340715853695
2525	6.085179296998203
2526	6.085552906475696
2527	6.086246185950216
2528	6.089055637644632
2529	6.089355478507613
2530	6.09011742170087
2531	6.09220505456634
2532	6.093129900128103
2533	6.093595969495435
2534	6.100022313785432
2535	6.10060207674346
2536	6.102202943890228
2537	6.102257826379713
2538	6.103312016441132
2539	6.10361841041122
2540	6.105326343687053
2541	6.105343829708051
2542	6.105547400144151
2543	6.106491416465812
2544	6.107195362146131
2545	6.107276409561864
2546	6.108127440217182
2547	6.108553790123329
2548	6.108612579667024
2549	6.110385155466003
2550	6.110460494148549
2551	6.110540050010996
2552	6.11177415117092
2553	6.114842421739235
2554	6.115290462516891
2555	6.115441637217696
2556	6.11583516856438
2557	6.11600010860995
2558	6.117160448416841
2559	6.118219673709216
2560	6.119878807119306
2561	6.120256382121047
2562	6.120907410601069
2563	6.121511898594459
2564	6.121874856691675
2565	6.122498367114115
2566	6.1227234219234
2567	6.132108617781988
2568	6.132779962293387
2569	6.132928080516418
2570	6.133896909691961
2571	6.134031702948706
2572	6.134338142832524
2573	6.135369694399349
2574	6.135625034495053
2575	6.136743227539934
2576	6.136774521113047
2577	6.137070538731396
2578	6.137643500708687
2579	6.1377988860843145
2580	6.137935821477532
2581	6.13929852918925
2582	6.139741016599127
2583	6.1409208226930065
2584	6.14214984558258
2585	6.14226234148299
2586	6.142359100849495
2587	6.143525181536747
2588	6.144016174873725
2589	6.145263613026759
2590	6.145553529867666
2591	6.146938540911312
2592	6.147223415486704
2593	6.147738845744714
2594	6.148540068247597
2595	6.14890784524419
2596	6.149283015561588
2597	6.149453320932873
2598	6.149922194441563
2599	6.151229845010085
2600	6.15407561628044
2601	6.154233427973568
2602	6.154320234499002
2603	6.154612333111957
2604	6.155125172761491
2605	6.155645850724375
2606	6.1557481462126455
2607	6.155930487940154
2608	6.155987694405662
2609	6.156215538379505
2610	6.157309737075404
2611	6.1580455586843685
2612	6.1581180904268615
2613	6.158159665574277
2614	6.158180196802628
2615	6.1583886238070304
2616	6.159452825557762
2617	6.159550503425792
2618	6.159787265706789
2619	6.161638698450805
2620	6.162440997089831
2621	6.163105618303197
2622	6.164012967178664
2623	6.164114080256012
2624	6.16422480458233
2625	6.16522836382619
2626	6.165332851600526
2627	6.166604300894713
2628	6.166979490802978
2629	6.16756554757278
2630	6.167894892810565
2631	6.169336965770891
2632	6.169640794472041
2633	6.16978916941863
2634	6.170288069599171
2635	6.170906964746224
2636	6.173239175967758
2637	6.1746550524597845
2638	6.175679076519715
2639	6.176126791060273
2640	6.176385901301041
2641	6.177012388854463
2642	6.178835315601475
2643	6.179804983931749
2644	6.179887101054192
2645	6.181176769476251
2646	6.182239853715534
2647	6.182742650890108
2648	6.182841341356336
2649	6.1829668195719645
2650	6.183083881354574
2651	6.183315730412599
2652	6.18384778257554
2653	6.186035410931268
2654	6.186442132528663
2655	6.188362347519942
2656	6.188547580980408
2657	6.189139370990889
2658	6.1895836689296715
2659	6.1897454800339515
2660	6.190005929639497
2661	6.19051270723948
2662	6.190656412827787
2663	6.190815596486711
2664	6.1910348528532815
2665	6.192818760115483
2666	6.1941056178911085
2667	6.1946275233466
2668	6.194841210309624
2669	6.195203733096268
2670	6.195280605463812
2671	6.195584653068315
2672	6.195768568116396
2673	6.196326512900101
2674	6.196926427069049
2675	6.19721912513227
2676	6.198050030899532
2677	6.19846338563159
2678	6.198587717441133
2679	6.198988304449822
2680	6.199024403760881
2681	6.199450302774531
2682	6.200311029774284
2683	6.200446478152638
2684	6.200824617583135
2685	6.201281266920458
2686	6.201477551974621
2687	6.20225669920142
2688	6.203715029404248
2689	6.205013463188549
2690	6.205339133890752
2691	6.205869032117316
2692	6.206998054826926
2693	6.207277752118667
2694	6.207501669371794
2695	6.208371457185237
2696	6.20989973722073
2697	6.210353344300676
2698	6.212657132880942
2699	6.213186660696407
2700	6.213643556999676
2701	6.214214782575666
2702	6.2143613190820375
2703	6.215609624376757
2704	6.216367623603284
2705	6.217006959739676
2706	6.217580480245769
2707	6.218472377827325
2708	6.218605086812513
2709	6.21905377174392
2710	6.219145954714208
2711	6.219214514881221
2712	6.220720488105329
2713	6.221326841542563
2714	6.221388356561588
2715	6.221577242243714
2716	6.222040278733079
2717	6.222406628395095
2718	6.222885292193611
2719	6.223153024079836
2720	6.223459170630136
2721	6.223855382219184
2722	6.224858514321637
2723	6.22630127318922
2724	6.226640272488448
2725	6.227674265349577
2726	6.228080182132987
2727	6.228444876328942
2728	6.228998552421628
2729	6.229503716233418
2730	6.2309985181250545
2731	6.231686667742463
2732	6.23196942718501
2733	6.232430503755657
2734	6.233059666256614
2735	6.233276764450944
2736	6.2340072220957214
2737	6.234226995464509
2738	6.2344512219356405
2739	6.23534499222252
2740	6.235472116676079
2741	6.236157676743977
2742	6.236856412161425
2743	6.23710314505899
2744	6.239615076765191
2745	6.240078168169496
2746	6.240398717561954
2747	6.241038652014006
2748	6.241769764856033
2749	6.242025836697085
2750	6.242799616026394
2751	6.242957911515599
2752	6.243601100245103
2753	6.243989378365163
2754	6.246303993811462
2755	6.2464871613053505
2756	6.247211260465801
2757	6.247642456653154
2758	6.24809639768552
2759	6.248293050352087
2760	6.248900300203847
2761	6.249372040257236
2762	6.250114373144159
2763	6.250889339801018
2764	6.252281336539288
2765	6.252560457224168
2766	6.253276466945101
2767	6.2537413705424
2768	6.254204456727517
2769	6.254550975364477
2770	6.254844552444927
2771	6.255348636565475
2772	6.255938469002089
2773	6.258755686924542
2774	6.259470843421626
2775	6.259584456077082
2776	6.259841879687938
2777	6.260029480693304
2778	6.262288933704952
2779	6.262685346119295
2780	6.2630386838906915
2781	6.2635652099920405
2782	6.264747240973003
2783	6.264831651134539
2784	6.264982804656029
2785	6.265278292564571
2786	6.266631473971502
2787	6.266966967867111
2788	6.269022429276844
2789	6.27117482205938
2790	6.271687801946238
2791	6.271835746877085
2792	6.272264069787742
2793	6.2731375341790585
2794	6.273738347939428
2795	6.275030695166684
2796	6.27609097760946
2797	6.276231809845431
2798	6.277451253330647
2799	6.277750733993986
2800	6.278438375686026
2801	6.278510825207391
2802	6.279151350032859
2803	6.28047634903247
2804	6.2807189863042785
2805	6.280747272338964
2806	6.281137922088507
2807	6.281533367667102
2808	6.281638205883467
2809	6.281907278344716
2810	6.2825782269541985
2811	6.284791561703996
2812	6.2858477371749535
2813	6.286401805992659
2814	6.286925367670616
2815	6.287371103836195
2816	6.288046239747614
2817	6.288189519102199
2818	6.289360922680894
2819	6.289849989834776
2820	6.290558054816299
2821	6.290621373783513
2822	6.291203624176495
2823	6.291497527872245
2824	6.291634205256017
2825	6.293427431870838
2826	6.294008579880453
2827	6.294155971728606
2828	6.294367908523773
2829	6.294589794680552
2830	6.295520794043687
2831	6.296237012910359
2832	6.2969703336960166
2833	6.297102793521687
2834	6.297667338990318
2835	6.299488136005886
2836	6.299909250839107
2837	6.300891918503694
2838	6.302794058008242
2839	6.303749534457468
2840	6.305358172295057
2841	6.306198191899939
2842	6.306355888544
2843	6.306889253975776
2844	6.308055446610838
2845	6.308558489843674
2846	6.30884122356848
2847	6.308917240291683
2848	6.310843939254732
2849	6.311147235976863
2850	6.311386979019582
2851	6.3121024862612565
2852	6.312276931659219
2853	6.313076282213182
2854	6.313176199415613
2855	6.314017419887678
2856	6.31591017445937
2857	6.316873114726265
2858	6.317297662802154
2859	6.3176292531230125
2860	6.3179352132196955
2861	6.321695821766321
2862	6.322473981053696
2863	6.323428235834625
2864	6.323627468444369
2865	6.3238078161393325
2866	6.324250267620014
2867	6.324805663700031
2868	6.325377195392768
2869	6.32605902306017
2870	6.326287573818023
2871	6.326760157791491
2872	6.327459560433015
2873	6.328412398090823
2874	6.328472483657339
2875	6.329402174441342
2876	6.33137739914928
2877	6.331756162461896
2878	6.332407848635301
2879	6.333578037731539
2880	6.334054456446982
2881	6.334861921477438
2882	6.336045107184933
2883	6.339924716177931
2884	6.341077120246621
2885	6.341982343475226
2886	6.3456962913426045
2887	6.345768201699111
2888	6.346444820919013
2889	6.347119955090702
2890	6.347528240326698
2891	6.347882847873692
2892	6.3484498431839915
2893	6.3528628055063
2894	6.353316919225727
2895	6.355192354185327
2896	6.357183948310499
2897	6.358440780321959
2898	6.359635776447766
2899	6.359841444392495
2900	6.360924101723027
2901	6.360941570800573
2902	6.361312750708028
2903	6.361580768590652
2904	6.361639469861984
2905	6.362863611146278
2906	6.363013659258784
2907	6.363796802871119
2908	6.364361095776412
2909	6.364815617273302
2910	6.365632701570613
2911	6.365912463686188
2912	6.366799009481662
2913	6.36757363447078
2914	6.367797946188656
2915	6.367885875444727
2916	6.369007000992746
2917	6.369697225275378
2918	6.3708579446458575
2919	6.371198148064807
2920	6.3714653662013525
2921	6.371708707761038
2922	6.371725859073213
2923	6.372246694821997
2924	6.372507324376082
2925	6.3731270866648195
2926	6.373404566255318
2927	6.373625639277666
2928	6.374426133136459
2929	6.374745673410178
2930	6.375759222785834
2931	6.376660742357298
2932	6.376994922076385
2933	6.377135549326838
2934	6.377652238014385
2935	6.380657266844348
2936	6.381184524539764
2937	6.3815368861716415
2938	6.382404384803651
2939	6.382915996809296
2940	6.385219398110651
2941	6.385550283916711
2942	6.386759588258521
2943	6.387128805070359
2944	6.387235619695053
2945	6.387333201651041
2946	6.387421162297883
2947	6.388018689557986
2948	6.388204754987344
2949	6.388542033921039
2950	6.388544531189246
2951	6.388904755868888
2952	6.38920571651253
2953	6.389868491343435
2954	6.3904111819521425
2955	6.390876726980137
2956	6.392738291833001
2957	6.393204310369976
2958	6.393805926372557
2959	6.394796980213998
2960	6.395153958558431
2961	6.395297224902865
2962	6.396393509307488
2963	6.396782930202896
2964	6.397230404660786
2965	6.397566660936109
2966	6.397773619608831
2967	6.398063505058967
2968	6.3983128217573695
2969	6.398697478517058
2970	6.399058994378535
2971	6.399141872216602
2972	6.399965376115692
2973	6.401448278560252
2974	6.401659571201668
2975	6.402070206358348
2976	6.402197670210437
2977	6.402578365152257
2978	6.4036057803231445
2979	6.405447073848114
2980	6.405863981334691
2981	6.406141950016094
2982	6.40715344756993
2983	6.407412650621482
2984	6.407510350803434
2985	6.408268172653194
2986	6.408542847345928
2987	6.408606882552205
2988	6.410707775484487
2989	6.411438967673306
2990	6.412464570575559
2991	6.413772235364478
2992	6.413928941951185
2993	6.414382650011082
2994	6.414458380359684
2995	6.414942043838162
2996	6.415591527740967
2997	6.416692163965424
2998	6.417043159304536
2999	6.417780835389486
3000	6.417836379127454
3001	6.418370405505152
3002	6.420188047786049
3003	6.421334265679272
3004	6.421408535411516
3005	6.421797868337123
3006	6.422711415944366
3007	6.423196481644805
3008	6.423809582811927
3009	6.424359537547615
3010	6.424583510169523
3011	6.4258804032342685
3012	6.426507175876404
3013	6.428290007910148
3014	6.42894065296892
3015	6.429533860632006
3016	6.430798914604986
3017	6.432142474929694
3018	6.433875468025353
3019	6.433911912483612
3020	6.43469933288049
3021	6.435512043044047
3022	6.4362715411609805
3023	6.436303864805226
3024	6.437187569395539
3025	6.439264466617313
3026	6.440523011884109
3027	6.441029925334272
3028	6.441479316671487
3029	6.442086617429244
3030	6.442181920869096
3031	6.443716335115094
3032	6.444377975112896
3033	6.4445234298857335
3034	6.446657464362038
3035	6.446847171877241
3036	6.447841302316806
3037	6.448293421852407
3038	6.448745014552538
3039	6.449503412177115
3040	6.450085093829838
3041	6.450470823019289
3042	6.450601170283889
3043	6.4514697232676035
3044	6.453283350328504
3045	6.453617521122022
3046	6.454213492156286
3047	6.454462251309211
3048	6.454925604958825
3049	6.455691692641544
3050	6.456264512868702
3051	6.456775551973866
3052	6.45729894073784
3053	6.459297886279029
3054	6.459755895479682
3055	6.461989358899557
3056	6.4629979247822975
3057	6.463352019487298
3058	6.4637346036240535
3059	6.46382441314949
3060	6.464383540722319
3061	6.46535884804532
3062	6.465890000541198
3063	6.466541400188722
3064	6.466787075179482
3065	6.466965191482287
3066	6.467197708520793
3067	6.4680116482948895
3068	6.468271220622934
3069	6.468483197053677
3070	6.46892230674095
3071	6.469026412682485
3072	6.469614630423221
3073	6.469703860164899
3074	6.469901272563765
3075	6.471140048906283
3076	6.472904572859028
3077	6.472981741207505
3078	6.473411841440927
3079	6.475023094318845
3080	6.475410489639655
3081	6.475641067711835
3082	6.477446921207578
3083	6.477672944289779
3084	6.478203332212371
3085	6.478499306640044
3086	6.4788294121396115
3087	6.4792235598800145
3088	6.481653684513823
3089	6.4818483307428165
3090	6.4822870890803745
3091	6.482344671024889
3092	6.482859053965752
3093	6.48362620386678
3094	6.484221126373649
3095	6.484685246336278
3096	6.48554190441134
3097	6.486378304471219
3098	6.4868442501664765
3099	6.486950392650469
3100	6.488701392097521
3101	6.490135829687723
3102	6.490931624764113
3103	6.4916324521684405
3104	6.492025348589505
3105	6.492177897752239
3106	6.492573824555135
3107	6.492762210178496
3108	6.492917810448535
3109	6.4932431643686925
3110	6.493486429229001
3111	6.49409709999404
3112	6.494443610007993
3113	6.494908904968785
3114	6.495268825044486
3115	6.4958098876446035
3116	6.496258151864037
3117	6.496402198968805
3118	6.496689157815754
3119	6.496738895017484
3120	6.497335734025476
3121	6.4975187869241395
3122	6.49919600315808
3123	6.499237501984321
3124	6.499532447702388
3125	6.499847210300755
3126	6.500147798112806
3127	6.500171379692058
3128	6.500673410175415
3129	6.501601306466282
3130	6.502150944117362
3131	6.5029077411908185
3132	6.503380925219676
3133	6.5036781931740375
3134	6.50491415690347
3135	6.505047463674836
3136	6.505851021272882
3137	6.50667425861516
3138	6.506954887342937
3139	6.507835792481597
3140	6.508216043262918
3141	6.5087334400960035
3142	6.509509055747599
3143	6.509667975497125
3144	6.509897057855795
3145	6.510163787506559
3146	6.510279663171865
3147	6.51075294568454
3148	6.510963409231399
3149	6.511470552023292
3150	6.512709935380117
3151	6.512992741795361
3152	6.513935565267722
3153	6.514381719119657
3154	6.514796643314628
3155	6.516061565446369
3156	6.51828313721013
3157	6.518495278083129
3158	6.519323604436695
3159	6.519570571970819
3160	6.519654126412372
3161	6.520314289077285
3162	6.520524721762856
3163	6.521146055329875
3164	6.522642234406495
3165	6.523048068212374
3166	6.523397701645866
3167	6.523659635770139
3168	6.523768007074516
3169	6.523869029837211
3170	6.524963324823355
3171	6.525514438370157
3172	6.525758872555597
3173	6.526547788060861
3174	6.527373883476112
3175	6.528963627700273
3176	6.530007467959738
3177	6.531061086633484
3178	6.531331616155993
3179	6.531459359575044
3180	6.53260943021266
3181	6.53296602619481
3182	6.533042539043475
3183	6.533237402284811
3184	6.533378887827022
3185	6.533872928035441
3186	6.534466631597069
3187	6.53594902793163
3188	6.536434607457388
3189	6.536826287807547
3190	6.5371424448369115
3191	6.537419916712088
3192	6.5374694601987215
3193	6.538467152242733
3194	6.540020562746198
3195	6.540505114167475
3196	6.540588198125665
3197	6.541259006497824
3198	6.541619291311593
3199	6.5419189963243936
3200	6.542324640272837
3201	6.542756419496488
3202	6.542884652006444
3203	6.543178995626832
3204	6.543337486495221
3205	6.546105129086427
3206	6.5464735109793954
3207	6.549455690958778
3208	6.550361037178693
3209	6.551336318481392
3210	6.551386833720401
3211	6.551728050947794
3212	6.552089841232687
3213	6.552917760943398
3214	6.553769530983746
3215	6.55391366189809
3216	6.556343534649326
3217	6.557925818308356
3218	6.5583329059297055
3219	6.5583925614804786
3220	6.558517859445005
3221	6.558925047516823
3222	6.55959403499734
3223	6.559897594342982
3224	6.5599868803611265
3225	6.5608538318860345
3226	6.5630331180876285
3227	6.563735042126651
3228	6.5639855676344805
3229	6.564417043010596
3230	6.564959003916247
3231	6.565078291720545
3232	6.565140098257718
3233	6.56715275748127
3234	6.567501222497316
3235	6.56809926380966
3236	6.568248768143242
3237	6.569389403320206
3238	6.5699914989586405
3239	6.570310637052289
3240	6.570811043006515
3241	6.571783088488022
3242	6.572109597739835
3243	6.5727978316963025
3244	6.574731881167683
3245	6.575426263479412
3246	6.5755249865466565
3247	6.575742608929043
3248	6.5764244504386395
3249	6.576745243090664
3250	6.577211921060751
3251	6.5780030195483095
3252	6.578172119967829
3253	6.578358122161802
3254	6.578690208381203
3255	6.578932994967185
3256	6.579051357311041
3257	6.579201527053329
3258	6.579384924569711
3259	6.579970413431298
3260	6.582153955616322
3261	6.583260713268053
3262	6.58381731157678
3263	6.584044549822202
3264	6.5849153182379485
3265	6.585279048094289
3266	6.58614078776788
3267	6.586548452525575
3268	6.58677812313973
3269	6.5875496647230865
3270	6.588414571158172
3271	6.589875843016629
3272	6.590985057317666
3273	6.59305222952729
3274	6.593634922189761
3275	6.594099736985216
3276	6.5943152719191485
3277	6.601186719869599
3278	6.604264174621117
3279	6.604444014693275
3280	6.6048985638745545
3281	6.605746859977693
3282	6.606003408807183
3283	6.606139186523893
3284	6.606766873658611
3285	6.606902304639671
3286	6.607355828363883
3287	6.607461860715436
3288	6.607739984535324
3289	6.607981231536357
3290	6.609423387020373
3291	6.609535042631444
3292	6.610304860521089
3293	6.610836917676297
3294	6.611068341937767
3295	6.611171680582961
3296	6.611709731333147
3297	6.612782020102903
3298	6.612865480220862
3299	6.613664882210306
3300	6.613849616444051
3301	6.615005298465642
3302	6.61615947335202
3303	6.616345484547203
3304	6.616781063566958
3305	6.617027368491071
3306	6.617046033519173
3307	6.617144469077212
3308	6.617796682842492
3309	6.618147329025462
3310	6.619825136994347
3311	6.619961718919918
3312	6.620172149563198
