1	8.284622192382812
2	4.518115043640137
3	7.76417350769043
4	6.05854606628418
5	4.022757530212402
6	5.027521133422852
7	8.321228981018066
8	9.778014183044434
9	5.144517421722412
10	6.590299606323242
11	3.4053428173065186
12	4.406565189361572
13	8.495538711547852
14	1.822488784790039
15	5.969021320343018
16	1.5818886756896973
17	4.450266361236572
18	5.385430812835693
19	5.397233963012695
20	5.950648307800293
21	5.4290313720703125
22	11.052742004394531
23	5.709506034851074
24	7.515235900878906
25	3.476595878601074
26	2.8157615661621094
27	5.628110408782959
28	4.1312689781188965
29	1.8512694835662842
30	6.528854846954346
31	2.8689801692962646
32	8.219405174255371
33	6.945170879364014
34	3.218564748764038
35	1.1387591361999512
36	2.314915895462036
37	2.6608939170837402
38	5.206537246704102
39	2.213306188583374
40	2.0235791206359863
41	1.7772471904754639
42	4.35870361328125
43	4.664637088775635
44	1.6100051403045654
45	1.3471065759658813
46	2.967285394668579
47	2.280881881713867
48	1.5601916313171387
49	2.8152506351470947
50	3.12959623336792
51	3.005952835083008
52	0.594331681728363
53	4.760862827301025
54	1.0142550468444824
55	4.29183292388916
56	2.5510737895965576
57	2.2669308185577393
58	2.0578668117523193
59	3.6639108657836914
60	4.136797904968262
61	0.6544114947319031
62	4.895447731018066
63	3.9090561866760254
64	4.1372551918029785
65	3.48606014251709
66	1.1015264987945557
67	2.671968460083008
68	1.8404262065887451
69	3.874675750732422
70	3.34517765045166
71	4.232263565063477
72	2.6445119380950928
73	1.906086802482605
74	2.2674384117126465
75	1.0845445394515991
76	2.122464656829834
77	3.9176836013793945
78	1.6674351692199707
79	1.542338490486145
80	0.5132094025611877
81	2.097810983657837
82	1.8060246706008911
83	1.5010528564453125
84	2.4056830406188965
85	1.7402894496917725
86	4.645474433898926
87	2.0685629844665527
88	1.9941387176513672
89	1.0861001014709473
90	1.4666976928710938
91	1.7898203134536743
92	1.8557803630828857
93	1.7916191816329956
94	2.4561948776245117
95	1.0802198648452759
96	2.1675972938537598
97	1.4496519565582275
98	2.180356502532959
99	1.9514425992965698
100	2.5964417457580566
101	1.6944830417633057
102	2.643362522125244
103	2.9790520668029785
104	1.6120450496673584
105	3.6228606700897217
106	1.2098021507263184
107	3.8826894760131836
108	1.5402705669403076
109	1.3389569520950317
110	3.0948073863983154
111	1.7010060548782349
112	1.5746885538101196
113	1.952667236328125
114	1.7418113946914673
115	2.1098077297210693
116	0.7966006398200989
117	1.6793183088302612
118	2.2302064895629883
119	1.0784844160079956
120	0.8004239201545715
121	2.4005680084228516
122	3.9329638481140137
123	1.4435170888900757
124	1.762696385383606
125	4.1414408683776855
126	2.3706347942352295
127	2.9191877841949463
128	0.7420592308044434
129	2.441112518310547
130	1.0271942615509033
131	2.5183026790618896
132	0.948339581489563
133	1.3387380838394165
134	1.870182991027832
135	1.9877216815948486
136	3.190337896347046
137	0.7176389694213867
138	1.8174015283584595
139	2.2781894207000732
140	1.9721887111663818
141	2.4879069328308105
142	1.042435646057129
143	0.6858292818069458
144	1.2209296226501465
145	1.7864784002304077
146	1.7049126625061035
147	2.77903151512146
148	1.011309266090393
149	1.4849053621292114
150	1.0752819776535034
151	1.6705656051635742
152	1.1238763332366943
153	2.137277841567993
154	2.0395240783691406
155	1.2268953323364258
156	1.3071461915969849
157	1.0187822580337524
158	2.520134687423706
159	1.5118560791015625
160	1.5673364400863647
161	1.8490773439407349
162	1.8080296516418457
163	2.1743953227996826
164	0.8168081641197205
165	0.7131114602088928
166	3.906161308288574
167	1.3792575597763062
168	1.59161376953125
169	1.4845157861709595
170	1.9820629358291626
171	1.2397369146347046
172	1.096529483795166
173	1.1119905710220337
174	2.1309404373168945
175	1.015767216682434
176	1.4606105089187622
177	0.7351351380348206
178	1.2768988609313965
179	3.3199496269226074
180	2.9166064262390137
181	1.6321840286254883
182	3.409240245819092
183	1.199590802192688
184	1.0818183422088623
185	1.6929001808166504
186	2.5439178943634033
187	2.3065998554229736
188	0.884501039981842
189	1.5744783878326416
190	0.8714789152145386
191	1.2741349935531616
192	2.6879873275756836
193	0.7306327819824219
194	1.4718132019042969
195	1.4562921524047852
196	3.327481508255005
197	2.0264453887939453
198	1.8250727653503418
199	3.373486042022705
200	2.4531004428863525
201	1.9801316261291504
202	1.2149629592895508
203	1.8132225275039673
204	1.242711067199707
205	1.513211727142334
206	2.5046865940093994
207	1.1986069679260254
208	1.019275188446045
209	1.2496877908706665
210	0.8447393774986267
211	3.1027915477752686
212	1.0199675559997559
213	0.6315707564353943
214	0.5053318738937378
215	1.1477649211883545
216	0.8716023564338684
217	1.2684030532836914
218	0.9393631219863892
219	1.1051560640335083
220	1.6632330417633057
221	1.451941728591919
222	2.1108248233795166
223	4.464606761932373
224	1.8946301937103271
225	2.533409357070923
226	0.4881616532802582
227	0.7121852040290833
228	3.3847293853759766
229	1.18032968044281
230	0.5049139857292175
231	1.31496262550354
232	1.7820980548858643
233	2.825270175933838
234	0.42366158962249756
235	0.945639431476593
236	1.7868317365646362
237	1.0322648286819458
238	1.024025797843933
239	2.2852237224578857
240	0.9837490320205688
241	1.8612507581710815
242	1.0038015842437744
243	1.0331121683120728
244	1.357481837272644
245	2.722452402114868
246	1.059585452079773
247	1.5419893264770508
248	2.2016687393188477
249	0.626021146774292
250	1.2087483406066895
251	2.292985439300537
252	1.9280908107757568
253	2.4674041271209717
254	2.092635154724121
255	1.8537015914916992
256	1.595927357673645
257	1.2537363767623901
258	1.0640181303024292
259	1.488256573677063
260	1.4618759155273438
261	2.7180538177490234
262	1.3128941059112549
263	2.2609736919403076
264	1.9456433057785034
265	1.5055729150772095
266	1.2092292308807373
267	1.382847785949707
268	0.9435279965400696
269	1.6263039112091064
270	0.5272941589355469
271	1.101765513420105
272	1.596158504486084
273	2.423675537109375
274	1.314026951789856
275	1.5157092809677124
276	0.6315571665763855
277	0.9548864960670471
278	0.9455478191375732
279	0.8899368643760681
280	1.5291392803192139
281	2.101485013961792
282	0.803490936756134
283	1.0021511316299438
284	2.213010787963867
285	1.0300025939941406
286	1.754703402519226
287	1.9449738264083862
288	1.1409779787063599
289	1.2090046405792236
290	1.7337040901184082
291	0.9111515879631042
292	1.9561113119125366
293	2.2481353282928467
294	1.4872920513153076
295	0.9196648001670837
296	1.0495164394378662
297	1.4404622316360474
298	1.3332937955856323
299	1.6227972507476807
300	1.342519998550415
301	1.255506157875061
302	1.9702376127243042
303	1.2891299724578857
304	1.8184232711791992
305	0.9597620964050293
306	2.340573787689209
307	1.8546165227890015
308	1.2372345924377441
309	1.7329853773117065
310	1.3190536499023438
311	1.3119606971740723
312	1.6483136415481567
313	0.8625028133392334
314	0.8504502773284912
315	0.8774554133415222
316	0.8849838972091675
317	1.2910016775131226
318	3.4427459239959717
319	1.5264804363250732
320	0.8410383462905884
321	2.424609422683716
322	1.0311092138290405
323	0.588022768497467
324	1.7926751375198364
325	0.7423905730247498
326	0.314603328704834
327	0.9920855760574341
328	1.0433003902435303
329	1.666275978088379
330	4.400444030761719
331	1.3206292390823364
332	0.7449819445610046
333	2.0409040451049805
334	1.6723873615264893
335	1.5258432626724243
336	2.919093608856201
337	1.4423270225524902
338	4.531100749969482
339	1.9602513313293457
340	0.9524901509284973
341	0.7001001238822937
342	1.2863011360168457
343	1.245208978652954
344	0.9021415710449219
345	1.04133141040802
346	1.3701246976852417
347	1.0840187072753906
348	1.9118791818618774
349	1.8890159130096436
350	0.30750101804733276
351	3.830245018005371
352	1.8880332708358765
353	1.2698746919631958
354	1.1738576889038086
355	1.0032978057861328
356	1.7030208110809326
357	2.146523952484131
358	1.0089246034622192
359	0.782808780670166
360	1.760117530822754
361	1.1399222612380981
362	2.7121057510375977
363	0.7077429890632629
364	1.2394053936004639
365	1.2545506954193115
366	2.776365041732788
367	2.3061928749084473
368	1.3350619077682495
369	1.3723227977752686
370	0.7396942377090454
371	1.9831713438034058
372	1.6361323595046997
373	1.4658644199371338
374	1.9149560928344727
375	1.7676068544387817
376	1.4347347021102905
377	1.5348784923553467
378	1.0040861368179321
379	1.6855194568634033
380	2.696883201599121
381	0.9008212089538574
382	1.7394146919250488
383	0.4925444722175598
384	1.0483187437057495
385	1.096171498298645
386	0.6060736775398254
387	2.3793177604675293
388	1.1882072687149048
389	0.8919718861579895
390	1.6275527477264404
391	0.9776813387870789
392	1.4207680225372314
393	0.6715416312217712
394	1.5625232458114624
395	1.0946722030639648
396	1.5733472108840942
397	1.8763703107833862
398	1.515154242515564
399	0.7691795229911804
400	1.1896395683288574
401	2.050291061401367
402	0.9980761408805847
403	0.5452859997749329
404	1.658883810043335
405	1.2486542463302612
406	0.891403079032898
407	1.9378021955490112
408	1.7402235269546509
409	1.6598267555236816
410	1.538775086402893
411	1.5303356647491455
412	0.3229830861091614
413	1.3139171600341797
414	1.2549426555633545
415	1.7608835697174072
416	1.0864753723144531
417	1.3197349309921265
418	1.5161687135696411
419	2.503633499145508
420	0.9928471446037292
421	1.4879705905914307
422	0.6949840784072876
423	1.7387008666992188
424	0.9698060750961304
425	2.322535753250122
426	2.108410120010376
427	2.155332565307617
428	2.254368782043457
429	1.3961704969406128
430	0.8421173095703125
431	1.1486310958862305
432	0.6859917044639587
433	1.9400577545166016
434	0.9875507950782776
435	2.7387161254882812
436	2.6638193130493164
437	1.214232325553894
438	0.9140503406524658
439	1.1111992597579956
440	2.0762624740600586
441	3.1864562034606934
442	1.1540744304656982
443	1.052574872970581
444	2.0214991569519043
445	1.8468644618988037
446	1.0920219421386719
447	1.291185736656189
448	0.5537302494049072
449	0.5109900236129761
450	1.1963145732879639
451	0.8676010370254517
452	1.218705177307129
453	0.985016405582428
454	1.5618830919265747
455	2.727597236633301
456	1.310492992401123
457	2.589768648147583
458	0.25329962372779846
459	0.6715548038482666
460	1.0361950397491455
461	1.0458528995513916
462	0.8196356892585754
463	1.2115745544433594
464	1.3498997688293457
465	0.9180334210395813
466	0.7890346050262451
467	1.9557231664657593
468	2.3543848991394043
469	0.6371368169784546
470	0.8990138173103333
471	1.169934868812561
472	0.8569583892822266
473	3.018259048461914
474	0.7505505681037903
475	1.0418018102645874
476	1.6040064096450806
477	1.384806752204895
478	1.621752142906189
479	0.8000525236129761
480	0.9503498077392578
481	0.620101809501648
482	1.1332281827926636
483	1.7826787233352661
484	1.2350810766220093
485	1.9394413232803345
486	3.1240482330322266
487	1.430539846420288
488	0.9204624891281128
489	1.1729063987731934
490	1.0434422492980957
491	3.013430118560791
492	0.8158528804779053
493	1.5692259073257446
494	1.6916775703430176
495	0.8361494541168213
496	1.0867290496826172
497	1.8315131664276123
498	0.8109662532806396
499	0.825678288936615
500	1.8347136974334717
501	0.9029554724693298
502	1.1975719928741455
503	0.7491316795349121
504	1.3896721601486206
505	0.9409914016723633
506	1.1504709720611572
507	1.1979964971542358
508	0.5058315396308899
509	1.7208057641983032
510	1.3904550075531006
511	1.2150155305862427
512	2.522331953048706
513	2.13801646232605
514	1.370298147201538
515	0.5710059404373169
516	1.1860120296478271
517	0.4754441976547241
518	0.8174678683280945
519	1.3405755758285522
520	0.7626431584358215
521	1.7983201742172241
522	1.9204506874084473
523	1.2448686361312866
524	0.6323125958442688
525	0.7424396872520447
526	0.6807641983032227
527	1.1685404777526855
528	0.5287587642669678
529	0.6775625348091125
530	1.0726348161697388
531	1.5001461505889893
532	2.0322422981262207
533	0.6658944487571716
534	1.6604537963867188
535	1.1028209924697876
536	1.1592750549316406
537	1.46274733543396
538	1.9161615371704102
539	0.7228116989135742
540	1.8088995218276978
541	2.203338861465454
542	0.8636925220489502
543	0.6919034123420715
544	0.7129936814308167
545	0.7561389207839966
546	2.020106077194214
547	1.5679678916931152
548	1.3423396348953247
549	1.8302209377288818
550	1.3499457836151123
551	1.2146652936935425
552	0.6446259021759033
553	0.6107582449913025
554	1.9103538990020752
555	0.6831416487693787
556	0.866611897945404
557	0.9202898740768433
558	1.011462926864624
559	1.1197184324264526
560	1.185593605041504
561	0.8648191094398499
562	1.92861807346344
563	1.3402721881866455
564	0.9867640137672424
565	1.6593022346496582
566	1.8035050630569458
567	5.803521156311035
568	0.7699771523475647
569	0.11622259020805359
570	1.2260380983352661
571	1.8675130605697632
572	1.0057039260864258
573	2.4423646926879883
574	1.0139625072479248
575	0.6466006636619568
576	1.382446050643921
577	2.9862332344055176
578	0.49968311190605164
579	1.106380820274353
580	1.4683343172073364
581	0.8133260011672974
582	1.8586416244506836
583	1.4514286518096924
584	1.6576082706451416
585	1.1299272775650024
586	1.4496620893478394
587	0.8549125790596008
588	0.4724089205265045
589	1.132934808731079
590	1.164601445198059
591	1.7983362674713135
592	0.7437955737113953
593	0.42666304111480713
594	1.1783756017684937
595	1.5215343236923218
596	0.828819751739502
597	1.376567006111145
598	2.408052682876587
599	0.9850447177886963
600	0.8186061978340149
601	1.1542021036148071
602	1.524686574935913
603	0.7016571164131165
604	1.5811996459960938
605	0.499099463224411
606	1.939601182937622
607	0.9365593791007996
608	1.0781528949737549
609	1.7662453651428223
610	1.5692802667617798
611	3.356137990951538
612	1.0859994888305664
613	0.9310851693153381
614	1.947640299797058
615	1.8560503721237183
616	1.213531494140625
617	1.2666500806808472
618	1.782900094985962
619	0.5916619300842285
620	0.5651452541351318
621	0.9678363800048828
622	2.5049774646759033
623	0.6359879970550537
624	0.9320713877677917
625	1.1368129253387451
626	1.65079927444458
627	0.7581850290298462
628	1.5199768543243408
629	0.6770907640457153
630	1.5164662599563599
631	0.6700227856636047
632	2.404519557952881
633	0.9807264804840088
634	0.9003914594650269
635	1.1869267225265503
636	0.8355323076248169
637	0.9756860733032227
638	0.7356272339820862
639	0.7022521495819092
640	0.5958417057991028
641	0.8226526379585266
642	1.7815085649490356
643	1.1766953468322754
644	1.2224057912826538
645	0.6615387201309204
646	1.1584200859069824
647	1.3296170234680176
648	1.4036446809768677
649	0.21054551005363464
650	1.6015353202819824
651	0.7550967335700989
652	0.5463303327560425
653	1.222058653831482
654	0.9986497163772583
655	0.7525350451469421
656	0.8095770478248596
657	1.380298137664795
658	1.2499698400497437
659	2.5782151222229004
660	3.640742540359497
661	0.4692561626434326
662	0.6802858114242554
663	1.2683885097503662
664	0.8108546733856201
665	0.6076764464378357
666	1.0491408109664917
667	0.7028006911277771
668	0.4008105397224426
669	2.0562820434570312
670	1.3391284942626953
671	1.513908863067627
672	1.523840069770813
673	0.7789381742477417
674	1.6913704872131348
675	1.1305413246154785
676	0.5228642225265503
677	0.7229648232460022
678	1.2693074941635132
679	0.8924469947814941
680	0.958470344543457
681	1.2053656578063965
682	1.0176295042037964
683	0.5121862292289734
684	0.6042948365211487
685	1.359093189239502
686	1.2132829427719116
687	0.8815447688102722
688	1.5403470993041992
689	0.9742982983589172
690	2.0493500232696533
691	0.8816624879837036
692	1.8124080896377563
693	3.1578421592712402
694	0.7777867913246155
695	1.8619111776351929
696	3.1279854774475098
697	3.2555792331695557
698	2.2088558673858643
699	1.1989212036132812
700	1.7912836074829102
701	0.45463135838508606
702	0.9127978086471558
703	0.4030020236968994
704	1.1752389669418335
705	0.6634089350700378
706	0.5706066489219666
707	0.8289611339569092
708	2.33181095123291
709	0.35990580916404724
710	0.8063486218452454
711	1.7766252756118774
712	1.0114623308181763
713	2.157973289489746
714	0.8078121542930603
715	0.5141400694847107
716	1.7099066972732544
717	0.7409489750862122
718	1.0504475831985474
719	0.32206010818481445
720	0.7357390522956848
721	0.9230051636695862
722	0.9190881252288818
723	0.6391443610191345
724	1.1046719551086426
725	0.5578618049621582
726	0.9486860632896423
727	1.1474963426589966
728	1.095901370048523
729	0.9809587001800537
730	0.5237761735916138
731	0.2913820743560791
732	1.4232933521270752
733	0.8101486563682556
734	0.7174857258796692
735	1.1728545427322388
736	1.4001976251602173
737	1.4361240863800049
738	1.3973088264465332
739	1.177997350692749
740	1.282861590385437
741	0.7797076106071472
742	0.612804114818573
743	1.9169983863830566
744	1.1109328269958496
745	0.9359633326530457
746	0.7838543057441711
747	0.7740662097930908
748	0.9274665713310242
749	1.2434743642807007
750	0.5948574542999268
751	1.0930529832839966
752	0.9493861794471741
753	1.9325796365737915
754	0.4661776125431061
755	0.5300124883651733
756	2.329828977584839
757	1.1347079277038574
758	0.35064199566841125
759	1.2840968370437622
760	0.37122592329978943
761	0.6293756365776062
762	1.6316081285476685
763	1.2824972867965698
764	0.3697068691253662
765	0.7091750502586365
766	0.41529548168182373
767	0.7736392617225647
768	1.2343214750289917
769	0.7712535262107849
770	0.5216585993766785
771	0.9112578630447388
772	1.0362706184387207
773	0.610190749168396
774	1.0276917219161987
775	0.6454750299453735
776	1.5723291635513306
777	1.6816468238830566
778	0.669272780418396
779	0.7003941535949707
780	0.9542702436447144
781	0.8560223579406738
782	0.5654734373092651
783	0.5925729870796204
784	0.9583138227462769
785	4.427244186401367
786	0.22114738821983337
787	1.6820831298828125
788	1.0875214338302612
789	1.274422526359558
790	1.227505087852478
791	1.8424896001815796
792	1.7301937341690063
793	0.7198411226272583
794	2.1047730445861816
795	0.6871699690818787
796	1.1502685546875
797	2.3519933223724365
798	1.2376737594604492
799	0.5051191449165344
800	0.22640442848205566
801	0.8301436305046082
802	0.67961186170578
803	1.1873142719268799
804	1.5980298519134521
805	0.8985482454299927
806	1.5606505870819092
807	1.0650566816329956
808	1.9812511205673218
809	0.4665927588939667
810	0.4666023850440979
811	1.4678126573562622
812	1.0082197189331055
813	0.4368825852870941
814	0.9103552103042603
815	0.5320491790771484
816	1.319596290588379
817	1.4608455896377563
818	1.4085413217544556
819	0.8649901151657104
820	0.8748414516448975
821	0.7050443887710571
822	2.467180013656616
823	0.8845959901809692
824	0.8355446457862854
825	0.9601739048957825
826	1.483896255493164
827	0.9714444279670715
828	4.0991387367248535
829	1.0046387910842896
830	0.9210042357444763
831	0.5510257482528687
832	1.1892503499984741
833	1.3558428287506104
834	1.2580668926239014
835	1.3743746280670166
836	1.3532075881958008
837	1.6406413316726685
838	1.4930182695388794
839	0.7236847877502441
840	0.8165763020515442
841	0.7951837182044983
842	0.9068981409072876
843	0.5915412306785583
844	0.8734791278839111
845	3.1735012531280518
846	0.4748603105545044
847	1.4313318729400635
848	0.8302314877510071
849	1.2013791799545288
850	0.45638585090637207
851	0.7806351184844971
852	0.9546170234680176
853	2.0243442058563232
854	1.315558910369873
855	1.7035659551620483
856	0.9444645643234253
857	2.2968685626983643
858	1.6130375862121582
859	0.6012483835220337
860	0.8597185611724854
861	1.2544080018997192
862	1.656028151512146
863	1.0883429050445557
864	1.9432623386383057
865	0.8512139916419983
866	1.033768892288208
867	1.2148033380508423
868	2.161384344100952
869	2.60616397857666
870	0.6291044354438782
871	0.6321174502372742
872	1.120683193206787
873	2.997418165206909
874	1.0292049646377563
875	0.8026828765869141
876	1.3257477283477783
877	0.7865875959396362
878	3.2692384719848633
879	0.6954657435417175
880	0.32144272327423096
881	0.8622025847434998
882	1.2874122858047485
883	0.4545460045337677
884	1.5846712589263916
885	0.8752284049987793
886	1.9402670860290527
887	1.5780768394470215
888	0.7173764705657959
889	0.7202315330505371
890	0.7028872966766357
891	2.1892688274383545
892	1.1481107473373413
893	0.9483738541603088
894	0.937879741191864
895	1.600942611694336
896	0.8468284606933594
897	0.5001736283302307
898	0.9377080798149109
899	1.4288780689239502
900	1.1096340417861938
901	0.5884077548980713
902	1.7167261838912964
903	0.9570112228393555
904	1.3898043632507324
905	1.292232871055603
906	0.8426483869552612
907	1.5274888277053833
908	3.27443790435791
909	1.2624012231826782
910	0.9546700716018677
911	1.5136092901229858
912	1.1345099210739136
913	1.1020904779434204
914	1.500551462173462
915	1.3047549724578857
916	1.3139499425888062
917	0.39871200919151306
918	0.7517648935317993
919	0.9152987003326416
920	1.4235080480575562
921	1.3219951391220093
922	1.1882847547531128
923	1.0752896070480347
924	0.6964496970176697
925	1.0416768789291382
926	1.4953681230545044
927	1.3605762720108032
928	1.340527057647705
929	1.6384323835372925
930	0.45646998286247253
931	1.2399373054504395
932	0.4263216257095337
933	1.0525904893875122
934	1.6022788286209106
935	0.5760013461112976
936	0.5960833430290222
937	0.868626058101654
938	1.2314932346343994
939	1.5216609239578247
940	2.9261157512664795
941	1.8028719425201416
942	1.5764626264572144
943	1.2812962532043457
944	2.093892812728882
945	2.774871826171875
946	1.6555129289627075
947	1.9544310569763184
948	0.7137991189956665
949	0.7077852487564087
950	0.7353208661079407
951	0.40810540318489075
952	1.9595407247543335
953	1.4976036548614502
954	1.2683547735214233
955	0.7269650101661682
956	2.221567392349243
957	0.5801359415054321
958	1.0216244459152222
959	0.3699454963207245
960	1.22834312915802
961	1.1716747283935547
962	0.45776697993278503
963	1.3214027881622314
964	0.4930364489555359
965	1.2574154138565063
966	0.364878386259079
967	2.2006795406341553
968	0.814299464225769
969	0.707356333732605
970	0.8269574642181396
971	0.8814162015914917
972	1.0935472249984741
973	1.2414360046386719
974	0.9852158427238464
975	0.5024489760398865
976	1.010716199874878
977	1.4853026866912842
978	2.3006746768951416
979	1.5774403810501099
980	1.508833646774292
981	1.0858880281448364
982	0.6489726901054382
983	1.6524074077606201
984	0.5480901598930359
985	2.015503168106079
986	1.1474050283432007
987	1.0238064527511597
988	0.544562041759491
989	1.0532052516937256
990	1.4386619329452515
991	0.8409144878387451
992	0.499885231256485
993	1.216500997543335
994	1.7389094829559326
995	0.7806161642074585
996	1.3429629802703857
997	2.580404758453369
998	2.281325340270996
999	1.3029192686080933
1000	0.6562008261680603
1001	1.2958483695983887
1002	0.7622863054275513
1003	1.168294072151184
1004	1.2236709594726562
1005	0.6865783333778381
1006	1.3183691501617432
1007	0.4664613902568817
1008	1.812116265296936
1009	1.194763422012329
1010	3.2839577198028564
1011	0.5706554055213928
1012	0.3335566222667694
1013	0.8011800646781921
1014	1.1837161779403687
1015	0.8772731423377991
1016	0.8219370245933533
1017	0.6590392589569092
1018	0.5505832433700562
1019	1.1407297849655151
1020	0.5056310892105103
1021	1.036820411682129
1022	1.0214661359786987
1023	1.3738040924072266
1024	0.25950607657432556
1025	1.0702916383743286
1026	0.753714382648468
1027	0.31087931990623474
1028	1.2920856475830078
1029	0.9567129015922546
1030	0.7098143100738525
1031	0.7158025503158569
1032	0.6463139653205872
1033	0.5500008463859558
1034	1.0843693017959595
1035	1.392019510269165
1036	1.2257096767425537
1037	0.9644400477409363
1038	0.44585874676704407
1039	1.764647364616394
1040	2.312354803085327
1041	0.8165991902351379
1042	0.858928382396698
1043	0.7143681049346924
1044	0.7764546871185303
1045	0.6018621325492859
1046	0.8288934826850891
1047	1.2995576858520508
1048	1.220363736152649
1049	0.7232208847999573
1050	0.456615686416626
1051	1.0249401330947876
1052	1.3657748699188232
1053	1.090584397315979
1054	1.3009252548217773
1055	1.1860164403915405
1056	0.6961472034454346
1057	0.4279102385044098
1058	0.4478372037410736
1059	0.9621642231941223
1060	0.7583844661712646
1061	0.3421454429626465
1062	1.900521159172058
1063	0.647043764591217
1064	3.0410549640655518
1065	1.6394048929214478
1066	0.6338071227073669
1067	1.3443615436553955
1068	0.4482229948043823
1069	1.6493079662322998
1070	0.8718743324279785
1071	1.913262128829956
1072	1.3822910785675049
1073	0.8503287434577942
1074	1.5741736888885498
1075	1.0554226636886597
1076	1.2153921127319336
1077	1.0406335592269897
1078	2.299618721008301
1079	0.6381585001945496
1080	2.0823841094970703
1081	0.8644440174102783
1082	2.040999412536621
1083	2.240893602371216
1084	0.9205129146575928
1085	1.6544026136398315
1086	1.8693794012069702
1087	0.6170295476913452
1088	1.9225945472717285
1089	1.5245916843414307
1090	1.6976345777511597
1091	1.2403298616409302
1092	0.8616233468055725
1093	1.0263012647628784
1094	0.9016675353050232
1095	1.278645396232605
1096	1.1913503408432007
1097	2.489373207092285
1098	1.416624665260315
1099	0.87690669298172
1100	0.6868071556091309
1101	0.6434689164161682
1102	1.1855992078781128
1103	0.8444739580154419
1104	1.2845969200134277
1105	1.2797573804855347
1106	0.36223310232162476
1107	0.5254198908805847
1108	0.7284218072891235
1109	3.28804874420166
1110	1.5280628204345703
1111	0.36987829208374023
1112	1.2428412437438965
1113	2.0361170768737793
1114	0.5486452579498291
1115	0.5060725808143616
1116	1.24563729763031
1117	1.6261811256408691
1118	1.3504265546798706
1119	1.0973855257034302
1120	1.5549198389053345
1121	1.6559906005859375
1122	1.0011882781982422
1123	0.4185287058353424
1124	0.5490078330039978
1125	1.890792727470398
1126	1.4577851295471191
1127	1.2773452997207642
1128	3.1406638622283936
1129	0.8182246685028076
1130	2.1417107582092285
1131	1.3437135219573975
1132	1.597427248954773
1133	0.590331494808197
1134	0.6015666127204895
1135	1.0060051679611206
1136	0.8218563795089722
1137	0.48285576701164246
1138	1.1052837371826172
1139	0.4332428276538849
1140	1.6027032136917114
1141	0.5630111694335938
1142	0.6826467514038086
1143	1.5698857307434082
1144	0.6781127452850342
1145	1.0632209777832031
1146	0.9862881898880005
1147	1.552957534790039
1148	1.5287028551101685
1149	1.1298853158950806
1150	1.7568398714065552
1151	0.8626309037208557
1152	0.9649257063865662
1153	0.8867279291152954
1154	0.6200491786003113
1155	1.2894114255905151
1156	1.078122615814209
1157	0.7413604855537415
1158	1.3243600130081177
1159	0.8174363970756531
1160	1.202811360359192
1161	1.254263162612915
1162	1.824501872062683
1163	0.5393747091293335
1164	0.42064955830574036
1165	0.4085846543312073
1166	0.8792814016342163
1167	0.41485223174095154
1168	0.9982774257659912
1169	1.1639665365219116
1170	1.0033897161483765
1171	1.215407371520996
1172	1.204321265220642
1173	0.8600970506668091
1174	0.9687984585762024
1175	2.25650954246521
1176	0.5653501749038696
1177	0.6391085982322693
1178	0.6092172861099243
1179	0.7251408696174622
1180	2.095803737640381
1181	1.2608505487442017
1182	0.4198843538761139
1183	0.7521975636482239
1184	1.063955545425415
1185	1.2614272832870483
1186	2.3505218029022217
1187	0.5759331583976746
1188	1.387631893157959
1189	0.6078383922576904
1190	1.0697481632232666
1191	0.8090702891349792
1192	1.2241706848144531
1193	1.629107117652893
1194	1.236971378326416
1195	0.5776292085647583
1196	0.42547428607940674
1197	0.9053419828414917
1198	0.7459049820899963
1199	1.2060590982437134
1200	0.4472048878669739
1201	1.8181897401809692
1202	0.5500141382217407
1203	1.1994483470916748
1204	1.7891067266464233
1205	1.9296846389770508
1206	1.1149228811264038
1207	1.2695218324661255
1208	0.6807417273521423
1209	0.9392664432525635
1210	1.0605320930480957
1211	0.8707586526870728
1212	1.3591488599777222
1213	1.0420106649398804
1214	1.6276556253433228
1215	1.6462253332138062
1216	1.6415009498596191
1217	1.4771026372909546
1218	0.9048832058906555
1219	0.9726096987724304
1220	2.2931816577911377
1221	0.6191183924674988
1222	0.8253167271614075
1223	1.2353419065475464
1224	1.2838802337646484
1225	0.7394042611122131
1226	0.7252710461616516
1227	1.7262904644012451
1228	1.0810527801513672
1229	1.1572120189666748
1230	1.406287431716919
1231	0.7113822102546692
1232	1.6824434995651245
1233	0.8234149217605591
1234	0.5579871535301208
1235	0.722822904586792
1236	0.9131878018379211
1237	1.1111420392990112
1238	0.4992096424102783
1239	2.9173359870910645
1240	0.5332043766975403
1241	1.009926676750183
1242	1.2288203239440918
1243	0.7545344829559326
1244	0.6919565796852112
1245	0.7526730895042419
1246	1.0547761917114258
1247	0.999463677406311
1248	0.29300519824028015
1249	0.6090809106826782
1250	4.500510215759277
1251	2.244234085083008
1252	0.6489447355270386
1253	0.7252721786499023
1254	0.8570269346237183
1255	0.5274820923805237
1256	0.36419638991355896
1257	0.880210816860199
1258	0.897567093372345
1259	1.3046633005142212
1260	0.7564594745635986
1261	0.4494866132736206
1262	0.7537166476249695
1263	1.2020124197006226
1264	1.013273000717163
1265	1.9758546352386475
1266	1.2087161540985107
1267	1.13043212890625
1268	0.571790874004364
1269	1.0129139423370361
1270	0.4536002576351166
1271	0.6755216121673584
1272	2.6396396160125732
1273	0.5610915422439575
1274	3.5478532314300537
1275	0.6064572334289551
1276	0.7861382365226746
1277	1.0787699222564697
1278	0.7504472136497498
1279	0.46025606989860535
1280	0.8391575813293457
1281	1.4675859212875366
1282	1.2228684425354004
1283	1.0596908330917358
1284	1.266903042793274
1285	0.6691871285438538
1286	0.7681518197059631
1287	0.516152024269104
1288	1.1299498081207275
1289	0.5310297608375549
1290	2.266815185546875
1291	0.3578135669231415
1292	1.544919729232788
1293	0.7932258248329163
1294	1.4276005029678345
1295	0.6717271208763123
1296	0.5410887002944946
1297	0.3292936384677887
1298	1.1553550958633423
1299	0.7055323123931885
1300	0.8587807416915894
1301	0.9997783899307251
1302	0.6950696110725403
1303	0.8158214688301086
1304	0.9724981188774109
1305	0.9781153202056885
1306	1.0408879518508911
1307	0.3801470696926117
1308	0.9082019925117493
1309	1.1884605884552002
1310	1.520822286605835
1311	1.0030584335327148
1312	0.813512921333313
1313	0.8493034243583679
1314	0.9135509133338928
1315	1.1091256141662598
1316	0.8661341667175293
1317	0.39895346760749817
1318	0.8800574541091919
1319	1.1038479804992676
1320	0.42364296317100525
1321	0.7446243166923523
1322	1.389575481414795
1323	4.897676944732666
1324	1.2170134782791138
1325	1.9382306337356567
1326	0.6028035879135132
1327	0.6359875798225403
1328	1.0505276918411255
1329	0.640068531036377
1330	0.7227322459220886
1331	0.9109505414962769
1332	0.9291641712188721
1333	0.9522674083709717
1334	0.9330496191978455
1335	0.8123394250869751
1336	1.9101303815841675
1337	0.601948618888855
1338	1.212707757949829
1339	1.296262264251709
1340	1.0344651937484741
1341	0.5189826488494873
1342	1.4484943151474
1343	0.8494912981987
1344	0.569658637046814
1345	0.42896130681037903
1346	1.235368251800537
1347	0.8189048767089844
1348	0.4986000657081604
1349	1.0518760681152344
1350	0.7506245374679565
1351	0.7813542485237122
1352	0.8834899067878723
1353	0.5127850770950317
1354	0.6762160658836365
1355	0.33158281445503235
1356	1.6621302366256714
1357	0.4706198573112488
1358	0.49702659249305725
1359	1.3263660669326782
1360	0.8858410716056824
1361	0.6760616302490234
1362	0.988781213760376
1363	0.941715657711029
1364	0.610466480255127
1365	1.601857304573059
1366	2.104271173477173
1367	0.7302606701850891
1368	0.5951545238494873
1369	0.5662757158279419
1370	1.203285574913025
1371	0.6639252305030823
1372	1.0162060260772705
1373	0.8689448833465576
1374	0.6342835426330566
1375	0.6179251670837402
1376	0.6489057540893555
1377	0.7361430525779724
1378	0.9152401089668274
1379	0.59173184633255
1380	0.8982774615287781
1381	0.4497232139110565
1382	0.4948548972606659
1383	1.66281259059906
1384	1.4018839597702026
1385	0.7917004227638245
1386	6.936400413513184
1387	0.7734676003456116
1388	0.6657202839851379
1389	0.7115582227706909
1390	0.8165500164031982
1391	0.20973756909370422
1392	0.8669003248214722
1393	1.1673307418823242
1394	0.41837477684020996
1395	0.7216370701789856
1396	1.104334831237793
1397	0.9315925240516663
1398	0.6083366870880127
1399	1.4745566844940186
1400	0.7561177015304565
1401	0.6988142728805542
1402	0.6228722929954529
1403	1.0135341882705688
1404	0.6569910049438477
1405	0.482554167509079
1406	0.5491061210632324
1407	0.8735380172729492
1408	0.8125126361846924
1409	1.1881483793258667
1410	0.6944366097450256
1411	0.588615894317627
1412	0.8464555740356445
1413	1.3290730714797974
1414	0.5135235786437988
1415	0.9458654522895813
1416	0.8933788537979126
1417	0.6940640807151794
1418	2.0658230781555176
1419	0.8498775959014893
1420	0.4652749001979828
1421	0.9569289684295654
1422	0.6647477149963379
1423	0.6039572954177856
1424	0.4679555594921112
1425	1.2526063919067383
1426	0.6260631084442139
1427	0.8416355848312378
1428	1.3012001514434814
1429	0.9450732469558716
1430	0.6207116842269897
1431	0.5669949054718018
1432	0.5792392492294312
1433	0.5129809379577637
1434	0.6544804573059082
1435	0.6406888365745544
1436	0.5056190490722656
1437	0.8208673596382141
1438	0.7547457218170166
1439	3.9082398414611816
1440	0.9043222665786743
1441	1.1152379512786865
1442	0.47896355390548706
1443	0.6821284890174866
1444	0.3063327968120575
1445	0.5343464612960815
1446	0.7197719216346741
1447	0.8233335018157959
1448	0.9050257802009583
1449	1.515820026397705
1450	0.7702358365058899
1451	1.4761892557144165
1452	0.5389670133590698
1453	1.4894601106643677
1454	0.724364161491394
1455	0.8774921298027039
1456	1.6760715246200562
1457	0.4063121974468231
1458	0.8543912172317505
1459	0.5826600790023804
1460	0.946614682674408
1461	0.801051139831543
1462	1.1069763898849487
1463	0.6947188377380371
1464	0.8468921184539795
1465	0.6287863254547119
1466	1.0487382411956787
1467	1.6383124589920044
1468	0.43708330392837524
1469	1.066110610961914
1470	0.8327108025550842
1471	1.0294946432113647
1472	0.5443705916404724
1473	1.1727994680404663
1474	0.7514022588729858
1475	0.329179972410202
1476	0.9331798553466797
1477	0.7429155707359314
1478	0.9646487236022949
1479	1.127993106842041
1480	0.8318536877632141
1481	0.6091117858886719
1482	1.5804342031478882
1483	1.2369197607040405
1484	0.6643713712692261
1485	0.5724126696586609
1486	0.9812149405479431
1487	0.25365936756134033
1488	0.5054832100868225
1489	0.6788656115531921
1490	0.8224289417266846
1491	0.6816176772117615
1492	0.741205096244812
1493	0.9306051135063171
1494	1.2850570678710938
1495	0.6386081576347351
1496	2.139620542526245
1497	0.7966399192810059
1498	0.4863995313644409
1499	1.3408442735671997
1500	1.0709354877471924
1501	2.1514668464660645
1502	1.2959074974060059
1503	0.7394137978553772
1504	0.311231791973114
1505	1.1118695735931396
1506	0.9156575202941895
1507	0.9292871952056885
1508	0.5261947512626648
1509	2.0169999599456787
1510	1.0772480964660645
1511	0.5439022183418274
1512	1.0855714082717896
1513	1.9284244775772095
1514	0.8756882548332214
1515	0.46443215012550354
1516	0.5885560512542725
1517	1.0682262182235718
1518	0.9010259509086609
1519	1.12004554271698
1520	1.7539401054382324
1521	0.6854217052459717
1522	0.7635836601257324
1523	1.8414596319198608
1524	1.5562092065811157
1525	0.8626877069473267
1526	0.5441573858261108
1527	1.339038610458374
1528	0.7085949182510376
1529	1.022271752357483
1530	1.7097747325897217
1531	0.5821142792701721
1532	2.5609238147735596
1533	1.2863508462905884
1534	0.919762134552002
1535	0.4916899502277374
1536	0.8618870377540588
1537	0.3629535734653473
1538	1.4723538160324097
1539	1.2530426979064941
1540	1.2116492986679077
1541	1.8664531707763672
1542	1.1147998571395874
1543	0.9317312240600586
1544	0.7734360694885254
1545	0.570293664932251
1546	1.520621657371521
1547	1.592448115348816
1548	0.8397099375724792
1549	1.3784732818603516
1550	1.4470566511154175
1551	0.4223026633262634
1552	1.4700148105621338
1553	0.9858510494232178
1554	0.4450266659259796
1555	0.3824900686740875
1556	0.8036098480224609
1557	0.8086913228034973
1558	0.26388099789619446
1559	1.3619552850723267
1560	0.6595155000686646
1561	0.9818553328514099
1562	1.3273687362670898
1563	2.2485830783843994
1564	1.172221302986145
1565	1.9191635847091675
1566	0.5978378057479858
1567	1.1066296100616455
1568	0.5424910187721252
1569	0.4316985011100769
1570	2.2109017372131348
1571	1.7494993209838867
1572	0.8967897891998291
1573	1.4457451105117798
1574	0.47562429308891296
1575	1.6488803625106812
1576	1.2654310464859009
1577	1.5732574462890625
1578	0.7508531808853149
1579	0.7701581716537476
1580	0.5938206911087036
1581	1.1124919652938843
1582	1.8213481903076172
1583	0.9392296671867371
1584	0.3762785792350769
1585	1.2510501146316528
1586	0.5377768874168396
1587	1.0950157642364502
1588	1.8273522853851318
1589	1.704654574394226
1590	1.3626962900161743
1591	1.0553613901138306
1592	1.0707051753997803
1593	2.7445452213287354
1594	1.3827261924743652
1595	0.4463491141796112
1596	0.47435298562049866
1597	0.8844195604324341
1598	1.0123580694198608
1599	0.9675432443618774
1600	1.6647547483444214
1601	1.2488716840744019
1602	1.8267192840576172
1603	1.0503838062286377
1604	1.1988276243209839
1605	1.1694419384002686
1606	0.7256213426589966
1607	0.7540764212608337
1608	1.0389387607574463
1609	0.6948935389518738
1610	0.8315040469169617
1611	0.25908857583999634
1612	0.9635471701622009
1613	0.2982024848461151
1614	1.0057897567749023
1615	0.6416057348251343
1616	1.143204689025879
1617	0.9551845192909241
1618	2.024199962615967
1619	0.6168084740638733
1620	0.9939876198768616
1621	1.9548430442810059
1622	0.8400434851646423
1623	0.644428551197052
1624	0.5110977292060852
1625	0.693432092666626
1626	0.5758370757102966
1627	0.3426170349121094
1628	0.5724571347236633
1629	1.6774392127990723
1630	1.5227559804916382
1631	0.8262865543365479
1632	1.8902335166931152
1633	0.7959538698196411
1634	0.26163339614868164
1635	0.8388080596923828
1636	1.1688411235809326
1637	1.3380165100097656
1638	0.6802368760108948
1639	0.4524388015270233
1640	0.586958646774292
1641	0.5375197529792786
1642	1.0501760244369507
1643	0.8796738386154175
1644	0.17337298393249512
1645	0.4304572343826294
1646	0.41052624583244324
1647	1.293639898300171
1648	0.6094006896018982
1649	0.6738203763961792
1650	1.900202989578247
1651	1.3289395570755005
1652	0.7505583763122559
1653	1.7421659231185913
1654	0.9693971276283264
1655	0.5728350877761841
1656	1.258219599723816
1657	0.6062635779380798
1658	0.6020526885986328
1659	0.895038902759552
1660	1.1953125
1661	1.4099819660186768
1662	1.520115852355957
1663	0.4982806146144867
1664	0.8885477185249329
1665	0.5677204132080078
1666	0.5161592960357666
1667	0.7007095217704773
1668	0.8832679986953735
1669	1.2623014450073242
1670	0.8126645088195801
1671	2.0641634464263916
1672	0.645837128162384
1673	0.8792230486869812
1674	0.7968037724494934
1675	0.5839653611183167
1676	1.2444376945495605
1677	0.7552986741065979
1678	0.4063560962677002
1679	0.494549959897995
1680	2.691763401031494
1681	0.5519897937774658
1682	1.3152894973754883
1683	0.7031847238540649
1684	0.45417094230651855
1685	3.2483534812927246
1686	0.9818361401557922
1687	0.7401962280273438
1688	1.5155436992645264
1689	0.42870399355888367
1690	0.6204183101654053
1691	0.6525421142578125
1692	0.553325891494751
1693	0.5051409602165222
1694	0.7302660942077637
1695	1.1508808135986328
1696	1.4468731880187988
1697	1.5753743648529053
1698	1.0504579544067383
1699	0.7731090784072876
1700	0.9218851327896118
1701	2.0695390701293945
1702	0.9658973813056946
1703	0.624908983707428
1704	0.5186879634857178
1705	0.7713515758514404
1706	0.46841275691986084
1707	1.1547613143920898
1708	0.862306535243988
1709	0.5534021258354187
1710	1.3844325542449951
1711	0.8782092928886414
1712	0.5837666988372803
1713	1.0565415620803833
1714	1.174953818321228
1715	0.8087477684020996
1716	1.630703091621399
1717	0.7933827638626099
1718	0.9206729531288147
1719	1.1355316638946533
1720	1.2576842308044434
1721	0.9071082472801208
1722	1.8299003839492798
1723	1.2917799949645996
1724	0.4751870632171631
1725	0.3988059163093567
1726	0.9539287686347961
1727	0.4984530806541443
1728	1.0589265823364258
1729	1.341384768486023
1730	1.9896372556686401
1731	1.1947152614593506
1732	1.3870203495025635
1733	0.5708754062652588
1734	0.3622284233570099
1735	0.678142786026001
1736	0.5111450552940369
1737	1.1750867366790771
1738	1.0303758382797241
1739	0.41163739562034607
1740	0.5399895906448364
1741	0.784984290599823
1742	0.9395243525505066
1743	0.8372679352760315
1744	0.7551178932189941
1745	0.6202540993690491
1746	0.7152987718582153
1747	1.3699527978897095
1748	0.619597315788269
1749	1.2279980182647705
1750	0.9782189726829529
1751	0.5878514051437378
1752	1.1220345497131348
1753	0.602737545967102
1754	0.7169229388237
1755	2.147578239440918
1756	1.068427562713623
1757	0.5506924390792847
1758	0.8303593993186951
1759	1.288156509399414
1760	0.8986049890518188
1761	0.6317618489265442
1762	1.9612464904785156
1763	0.24177128076553345
1764	1.6603484153747559
1765	0.7956581711769104
1766	1.0010499954223633
1767	1.0020639896392822
1768	1.2172982692718506
1769	0.7876750826835632
1770	0.9522855281829834
1771	1.2402790784835815
1772	0.7938197255134583
1773	0.9540871381759644
1774	0.7119095325469971
1775	0.94399094581604
1776	1.5805250406265259
1777	1.0865368843078613
1778	0.24962109327316284
1779	0.46281078457832336
1780	0.4168197214603424
1781	0.5350741147994995
1782	0.8921990990638733
1783	1.3224353790283203
1784	0.7170343399047852
1785	0.6393861770629883
1786	0.7691993117332458
1787	0.6318576335906982
1788	0.6202951669692993
1789	1.1042016744613647
1790	0.9854048490524292
1791	0.5663018822669983
1792	0.6385222673416138
1793	1.0774281024932861
1794	0.43748968839645386
1795	0.6769821047782898
1796	2.961214303970337
1797	2.091400146484375
1798	1.4023070335388184
1799	1.4769597053527832
1800	0.6090123057365417
1801	0.5558820962905884
1802	2.4437062740325928
1803	0.9114834070205688
1804	1.3427032232284546
1805	1.0395060777664185
1806	2.413306713104248
1807	0.9812027215957642
1808	0.747827410697937
1809	0.8970059156417847
1810	0.8366710543632507
1811	0.750989556312561
1812	1.463029384613037
1813	1.2441567182540894
1814	0.6865302324295044
1815	0.8254603743553162
1816	0.809371829032898
1817	0.9603530764579773
1818	1.0950833559036255
1819	0.47469809651374817
1820	1.448554277420044
1821	1.4206819534301758
1822	0.8056797981262207
1823	1.3900120258331299
1824	0.8240504860877991
1825	1.3331594467163086
1826	1.6869113445281982
1827	1.7740707397460938
1828	0.7898344993591309
1829	0.49513986706733704
1830	1.072837233543396
1831	0.6924436688423157
1832	1.4702502489089966
1833	0.7987876534461975
1834	0.9603284597396851
1835	0.6658297181129456
1836	1.2187873125076294
1837	1.8194177150726318
1838	0.8443220853805542
1839	0.9614713191986084
1840	1.1265454292297363
1841	0.23035453259944916
1842	0.33549562096595764
1843	0.6007509231567383
1844	0.8720116019248962
1845	0.8316405415534973
1846	1.3247666358947754
1847	1.5249651670455933
1848	1.0889281034469604
1849	1.294265866279602
1850	0.3900896906852722
1851	0.811099112033844
1852	0.05624030902981758
1853	0.7356464862823486
1854	1.6808193922042847
1855	0.6478577256202698
1856	1.5170717239379883
1857	0.7978683710098267
1858	1.5884960889816284
1859	0.4952818751335144
1860	0.6165841817855835
1861	1.1541579961776733
1862	0.9619462490081787
1863	0.7189092636108398
1864	0.33018505573272705
1865	1.4522032737731934
1866	1.2236205339431763
1867	2.3397884368896484
1868	0.8087763786315918
1869	0.7535109519958496
1870	1.303490161895752
1871	0.6382957100868225
1872	0.7227405905723572
1873	0.7242321372032166
1874	0.9057466983795166
1875	0.7303580641746521
1876	1.1470228433609009
1877	0.7584365606307983
1878	1.2091847658157349
1879	0.8323498964309692
1880	1.5597963333129883
1881	1.4818849563598633
1882	0.9727382659912109
1883	1.4821877479553223
1884	0.7901332974433899
1885	1.2960290908813477
1886	0.797690212726593
1887	1.5874711275100708
1888	0.31367966532707214
1889	1.3502253293991089
1890	2.342264175415039
1891	0.8986543416976929
1892	2.160900354385376
1893	1.1203341484069824
1894	0.9062078595161438
1895	1.237014651298523
1896	1.328240990638733
1897	0.9903084635734558
1898	0.3905653953552246
1899	0.4300142824649811
1900	0.4809042811393738
1901	0.397156298160553
1902	0.5134391784667969
1903	0.8344829678535461
1904	0.8942540884017944
1905	0.4624556303024292
1906	1.4523576498031616
1907	0.4531709849834442
1908	1.3461921215057373
1909	0.9724375605583191
1910	0.8013412952423096
1911	0.5326998233795166
1912	0.6931324005126953
1913	0.736845076084137
1914	1.7330913543701172
1915	0.5662587881088257
1916	1.3842291831970215
1917	0.766591489315033
1918	0.3766154944896698
1919	1.456490397453308
1920	1.1998567581176758
1921	0.48331326246261597
1922	0.5764506459236145
1923	0.681788444519043
1924	0.4186735451221466
1925	0.7563145756721497
1926	0.8933489322662354
1927	0.5809149146080017
1928	1.3163530826568604
1929	0.928846538066864
1930	0.7122822999954224
1931	2.2579832077026367
1932	0.8707560896873474
1933	1.8324546813964844
1934	0.3388470709323883
1935	0.577426552772522
1936	0.3056515157222748
1937	0.903373122215271
1938	1.5736421346664429
1939	0.6548290848731995
1940	0.4460729658603668
1941	1.1705682277679443
1942	1.7204784154891968
1943	0.3146633803844452
1944	0.5952560901641846
1945	1.2288100719451904
1946	0.28396424651145935
1947	2.356313943862915
1948	0.4952399432659149
1949	0.4019451141357422
1950	0.6340176463127136
1951	1.7776517868041992
1952	0.9851086139678955
1953	1.8577568531036377
1954	1.0913467407226562
1955	1.5685447454452515
1956	0.5575041770935059
1957	0.632330060005188
1958	1.4100840091705322
1959	1.2165910005569458
1960	0.9212566614151001
1961	1.3836344480514526
1962	1.832560658454895
1963	2.0889711380004883
1964	0.7875354290008545
1965	1.7841179370880127
1966	0.6935293674468994
1967	0.7977548837661743
1968	0.6477514505386353
1969	0.8251539468765259
1970	0.9858696460723877
1971	0.6855571866035461
1972	1.2799116373062134
1973	1.5941262245178223
1974	1.5527693033218384
1975	1.8290823698043823
1976	0.6566687226295471
1977	0.9706289172172546
1978	0.9924717545509338
1979	0.9311786890029907
1980	1.2141183614730835
1981	1.5622951984405518
1982	0.66119384765625
1983	0.6626272201538086
1984	0.6084015369415283
1985	0.446269690990448
1986	1.118476390838623
1987	0.24127262830734253
1988	1.411489725112915
1989	0.9109044671058655
1990	0.8609832525253296
1991	0.9382616281509399
1992	1.156747817993164
1993	0.7792623043060303
1994	0.3643582761287689
1995	0.48181283473968506
1996	1.3835936784744263
1997	1.6423901319503784
1998	0.6705721020698547
1999	0.304549902677536
2000	0.8206378221511841
2001	1.9681366682052612
2002	0.5203667879104614
2003	1.4336676597595215
2004	0.7106716632843018
2005	1.116982102394104
2006	1.609031081199646
2007	0.8989813923835754
2008	1.123397707939148
2009	0.6218405365943909
2010	1.1925681829452515
2011	0.8199017643928528
2012	0.8465753197669983
2013	1.05640709400177
2014	0.6883776187896729
2015	0.6665140986442566
2016	0.8781936168670654
2017	1.815124273300171
2018	1.4771610498428345
2019	0.4201667308807373
2020	0.5243092775344849
2021	0.4765319228172302
2022	1.4570715427398682
2023	0.89950031042099
2024	0.6071602702140808
2025	0.4682243764400482
2026	0.8849192261695862
2027	0.4285101592540741
2028	1.8367894887924194
2029	0.42528319358825684
2030	0.8577801585197449
2031	2.2987289428710938
2032	0.7765090465545654
2033	0.5973784327507019
2034	0.5288408398628235
2035	0.7459661364555359
2036	0.7003944516181946
2037	1.015008807182312
2038	0.7439994812011719
2039	1.457352638244629
2040	1.0557750463485718
2041	0.7454037666320801
2042	0.9719731211662292
2043	0.6607264876365662
2044	0.7980838418006897
2045	0.8945318460464478
2046	0.5212526321411133
2047	2.0958452224731445
2048	1.1107372045516968
2049	1.1204512119293213
2050	1.3983241319656372
2051	0.9555190801620483
2052	0.9397121667861938
2053	1.114166498184204
2054	1.5525367259979248
2055	1.4172102212905884
2056	0.885267436504364
2057	0.6409451365470886
2058	0.7642489075660706
2059	1.229589581489563
2060	0.45100054144859314
2061	1.2817696332931519
2062	0.36254018545150757
2063	1.000769853591919
2064	1.1130127906799316
2065	0.6100789308547974
2066	0.6854716539382935
2067	0.6937103271484375
2068	0.6020185947418213
2069	0.9311217069625854
2070	0.6779472827911377
2071	1.4337035417556763
2072	1.3472119569778442
2073	0.4999937117099762
2074	0.7076624035835266
2075	2.1512303352355957
2076	0.8962917923927307
2077	0.49538835883140564
2078	0.22747546434402466
2079	0.8361013531684875
2080	1.2198128700256348
2081	1.8885282278060913
2082	0.9340670108795166
2083	1.3454760313034058
2084	0.76236891746521
2085	0.6241873502731323
2086	0.6612977981567383
2087	2.025212049484253
2088	1.3679215908050537
2089	0.6599270701408386
2090	0.8711859583854675
2091	1.4080044031143188
2092	0.7147271037101746
2093	1.2667855024337769
2094	0.6855640411376953
2095	1.0481328964233398
2096	0.9179279804229736
2097	1.3610066175460815
2098	2.956099510192871
2099	0.5544690489768982
2100	0.8810063004493713
2101	0.31620702147483826
2102	0.2979741394519806
2103	0.5296874046325684
2104	0.9342712163925171
2105	1.0616140365600586
2106	0.5583813786506653
2107	0.6477828025817871
2108	1.1363223791122437
2109	1.0011489391326904
2110	0.22828207910060883
2111	1.282167673110962
2112	1.1909657716751099
2113	0.693278431892395
2114	1.0521641969680786
2115	1.1187790632247925
2116	0.7820528149604797
2117	0.9830662608146667
2118	2.462202787399292
2119	1.2128548622131348
2120	1.7895779609680176
2121	0.354181170463562
2122	1.8928436040878296
2123	1.3554037809371948
2124	1.4128508567810059
2125	0.652081310749054
2126	0.5873173475265503
2127	1.0683361291885376
2128	0.5518887042999268
2129	0.43482136726379395
2130	0.9529662728309631
2131	1.948657751083374
2132	0.7542734742164612
2133	1.587406039237976
2134	1.2315154075622559
2135	0.09332647919654846
2136	1.8682529926300049
2137	1.002786636352539
2138	1.1081280708312988
2139	0.6119443774223328
2140	0.4618295133113861
2141	0.6691864728927612
2142	1.1729079484939575
2143	2.0312716960906982
2144	0.950239896774292
2145	0.7430242896080017
2146	1.9841313362121582
2147	0.311860591173172
2148	0.4492979049682617
2149	0.9067156314849854
2150	0.6442070603370667
2151	0.39686325192451477
2152	0.6651182174682617
2153	1.1234867572784424
2154	0.7568143606185913
2155	0.5034664273262024
2156	0.6898986101150513
2157	1.5020891427993774
2158	1.1594561338424683
2159	1.1035815477371216
2160	0.5826229453086853
2161	0.8894819021224976
2162	1.4666988849639893
2163	2.126601219177246
2164	0.6419013142585754
2165	1.1260502338409424
2166	2.6101222038269043
2167	0.6994220018386841
2168	1.0325829982757568
2169	1.8740131855010986
2170	0.7406640648841858
2171	1.1796125173568726
2172	0.5862606167793274
2173	0.9990870356559753
2174	0.6090467572212219
2175	0.635506272315979
2176	0.9740470051765442
2177	1.4632937908172607
2178	1.0201442241668701
2179	0.44695737957954407
2180	1.2907345294952393
2181	1.4693968296051025
2182	1.0915144681930542
2183	1.1800482273101807
2184	1.0749253034591675
2185	2.9117136001586914
2186	0.8938453793525696
2187	0.5792290568351746
2188	0.8336807489395142
2189	1.0249252319335938
2190	0.719991147518158
2191	0.37621384859085083
2192	0.8213040232658386
2193	0.6957575678825378
2194	2.1454312801361084
2195	1.195762276649475
2196	0.532514750957489
2197	1.445123314857483
2198	0.6567195057868958
2199	0.5367230772972107
2200	0.5891358852386475
2201	1.2863643169403076
2202	1.26524019241333
2203	0.5650237202644348
2204	0.374361127614975
2205	2.3773233890533447
2206	1.0678532123565674
2207	1.1417540311813354
2208	0.5137361288070679
2209	0.9882179498672485
2210	2.1923534870147705
2211	0.396079957485199
2212	0.4831793010234833
2213	1.6718149185180664
2214	1.712944507598877
2215	0.6467695832252502
2216	1.0542004108428955
2217	0.5643004775047302
2218	0.6356115937232971
2219	1.3455185890197754
2220	0.9552150368690491
2221	0.9823743104934692
2222	1.097673773765564
2223	0.6060402393341064
2224	0.6313549280166626
2225	0.3048248589038849
2226	0.9847113490104675
2227	0.45442745089530945
2228	0.6141806244850159
2229	1.0005549192428589
2230	0.8044840097427368
2231	0.7342826724052429
2232	1.0233486890792847
2233	1.3620375394821167
2234	1.1693313121795654
2235	2.0987284183502197
2236	1.8001993894577026
2237	0.8763758540153503
2238	0.6514942049980164
2239	0.723678708076477
2240	1.2036402225494385
2241	0.6870375871658325
2242	0.6420409679412842
2243	0.13623104989528656
2244	0.9336422681808472
2245	0.6475996971130371
2246	0.5892231464385986
2247	1.0968711376190186
2248	0.9170723557472229
2249	0.7543047666549683
2250	0.6154831051826477
2251	2.0054783821105957
2252	1.2067737579345703
2253	1.3483023643493652
2254	0.5248702764511108
2255	1.0598255395889282
2256	1.2115164995193481
2257	0.7462288737297058
2258	1.9367449283599854
2259	2.644378423690796
2260	1.6541329622268677
2261	0.7714971303939819
2262	0.8669506311416626
2263	0.7830007672309875
2264	1.425102710723877
2265	0.9793044924736023
2266	0.975423276424408
2267	1.6273330450057983
2268	1.906609296798706
2269	1.0590019226074219
2270	0.278675377368927
2271	0.8085180521011353
2272	0.3316958248615265
2273	0.5501068830490112
2274	1.0493383407592773
2275	1.112428903579712
2276	0.6467375159263611
2277	0.9073061943054199
2278	1.7751120328903198
2279	0.7337266802787781
2280	0.7202037572860718
2281	0.9747177362442017
2282	1.6922636032104492
2283	0.5167205929756165
2284	0.7244438529014587
2285	1.074614405632019
2286	0.829106330871582
2287	0.8107982277870178
2288	1.998645544052124
2289	0.8176807761192322
2290	0.7691545486450195
2291	1.612841010093689
2292	0.5457711815834045
2293	0.9098381996154785
2294	1.4512468576431274
2295	1.5410196781158447
2296	1.1007020473480225
2297	1.0534759759902954
2298	0.8879334926605225
2299	0.5600048303604126
2300	1.5982699394226074
2301	0.8989700675010681
2302	1.2191998958587646
2303	0.9156740307807922
2304	1.1305040121078491
2305	1.4299752712249756
2306	0.36265233159065247
2307	0.6133943796157837
2308	0.9428218603134155
2309	0.6718705892562866
2310	0.7663804888725281
2311	1.1730343103408813
2312	2.12603497505188
2313	1.8133769035339355
2314	0.8793943524360657
2315	0.7580987811088562
2316	0.6431425213813782
2317	1.224092960357666
2318	0.6588473320007324
2319	0.4007197618484497
2320	1.4656270742416382
2321	0.383615642786026
2322	0.3169249892234802
2323	1.2171061038970947
2324	1.3717260360717773
2325	1.0927739143371582
2326	1.9254094362258911
2327	0.875449538230896
2328	0.608401894569397
2329	1.0265806913375854
2330	1.503780484199524
2331	0.4751979410648346
2332	0.4594987630844116
2333	0.8495934009552002
2334	0.8649899363517761
2335	0.5729168653488159
2336	1.510690450668335
2337	1.2443722486495972
2338	1.2953481674194336
2339	1.2461470365524292
2340	1.0791420936584473
2341	1.6466307640075684
2342	0.7081289887428284
2343	1.206677794456482
2344	1.5334006547927856
2345	1.8297332525253296
2346	0.5565710067749023
2347	0.6737636923789978
2348	1.153296709060669
2349	1.0482118129730225
2350	1.4724199771881104
2351	0.7589203119277954
2352	0.5825211405754089
2353	0.3371984660625458
2354	0.713280439376831
2355	0.5652108788490295
2356	1.1352041959762573
2357	0.8717606067657471
2358	0.531711220741272
2359	1.0553635358810425
2360	1.0377103090286255
2361	0.5490960478782654
2362	1.2584080696105957
2363	0.6459168791770935
2364	0.754813015460968
2365	1.032523512840271
2366	0.9642876982688904
2367	1.4178348779678345
2368	1.0179866552352905
2369	1.667686939239502
2370	0.8888309597969055
2371	0.9509851336479187
2372	1.0256636142730713
2373	0.4942774772644043
2374	1.146601915359497
2375	0.4719133675098419
2376	0.6968886256217957
2377	1.1820862293243408
2378	0.6952047348022461
2379	0.6351135969161987
2380	0.48321273922920227
2381	0.8263090252876282
2382	1.3153812885284424
2383	1.9058912992477417
2384	2.013697862625122
2385	1.2127346992492676
2386	0.826608419418335
2387	1.7490497827529907
2388	1.3620214462280273
2389	0.6581934094429016
2390	1.590097188949585
2391	0.8852112889289856
2392	0.7881684899330139
2393	1.5559431314468384
2394	0.4447067975997925
2395	1.029248833656311
2396	1.5387041568756104
2397	0.8616766333580017
2398	0.9838113188743591
2399	0.7681449055671692
2400	0.5824342966079712
2401	0.46667832136154175
2402	1.3271623849868774
2403	0.45774272084236145
2404	1.1520838737487793
2405	0.45050787925720215
2406	1.288520097732544
2407	0.8238385915756226
2408	1.0891690254211426
2409	1.7579973936080933
2410	0.7151272296905518
2411	0.30603912472724915
2412	0.7350940108299255
2413	0.6114001870155334
2414	0.4866079092025757
2415	0.4403115212917328
2416	0.7111913561820984
2417	1.560774564743042
2418	0.8469771146774292
2419	0.7292413711547852
2420	2.371572494506836
2421	0.8426384925842285
2422	1.6266549825668335
2423	0.46567097306251526
2424	1.1339882612228394
2425	0.6224860548973083
2426	3.831120491027832
2427	0.8644392490386963
2428	0.7815961241722107
2429	1.103305697441101
2430	0.709604799747467
2431	0.3948822617530823
2432	1.6380345821380615
2433	1.9733946323394775
2434	0.5709199905395508
2435	0.5933393836021423
2436	1.0514640808105469
2437	0.4592036306858063
2438	0.4911513924598694
2439	0.9571818709373474
2440	0.7453399896621704
2441	0.6753029227256775
2442	0.7869969010353088
2443	0.80937260389328
2444	1.0771993398666382
2445	1.3936225175857544
2446	1.032894492149353
2447	0.5483611226081848
2448	0.5645507574081421
2449	0.9550250768661499
2450	0.6378874778747559
2451	1.1290783882141113
2452	1.0141042470932007
2453	0.7617112994194031
2454	1.8932480812072754
2455	0.9704030156135559
2456	0.8066777586936951
2457	0.6246761083602905
2458	0.38146287202835083
2459	0.27462437748908997
2460	0.3324914872646332
2461	1.8105298280715942
2462	0.8206459283828735
2463	0.7670096755027771
2464	0.9282671809196472
2465	2.47426438331604
2466	1.4224493503570557
2467	1.4038753509521484
2468	0.6712844371795654
2469	1.5029164552688599
2470	1.2968671321868896
2471	0.7647519111633301
2472	0.6373019814491272
2473	0.7180935740470886
2474	0.7064449787139893
2475	1.730212926864624
2476	0.6194717884063721
2477	1.6511236429214478
2478	0.6932970285415649
2479	0.40558338165283203
2480	0.4690621495246887
2481	0.5616169571876526
2482	1.1499212980270386
2483	0.7315852046012878
2484	1.8112244606018066
2485	1.2828290462493896
2486	1.5825046300888062
2487	1.7969201803207397
2488	0.2592453360557556
2489	2.186115264892578
2490	0.6122459173202515
2491	0.6321567296981812
2492	0.5662117600440979
2493	0.5612724423408508
2494	1.110910177230835
2495	1.1222257614135742
2496	1.09804105758667
2497	1.3549003601074219
2498	0.7965911030769348
2499	1.2825685739517212
2500	0.7037811875343323
2501	1.398020625114441
2502	0.5741688013076782
2503	1.4936928749084473
2504	1.2561836242675781
2505	1.3259010314941406
2506	1.699364185333252
2507	0.5850815773010254
2508	1.4146275520324707
2509	0.8334524035453796
2510	1.399118423461914
2511	0.8013269305229187
2512	1.3758759498596191
2513	1.1696630716323853
2514	0.536106526851654
2515	1.1564335823059082
2516	2.009434938430786
2517	1.2639658451080322
2518	0.3743806481361389
2519	1.719748854637146
2520	1.0048112869262695
2521	0.34808456897735596
2522	0.5960476994514465
2523	0.6824579834938049
2524	0.8438341021537781
2525	0.8149418830871582
2526	0.84618079662323
2527	1.1546541452407837
2528	2.3203864097595215
2529	0.7673273682594299
2530	1.1994343996047974
2531	2.0037028789520264
2532	1.338771939277649
2533	0.9420680403709412
2534	3.512965440750122
2535	1.0570942163467407
2536	1.7653241157531738
2537	0.333191454410553
2538	1.4133363962173462
2539	0.7870872020721436
2540	1.8126330375671387
2541	0.18171915411949158
2542	0.6294685006141663
2543	1.3434523344039917
2544	1.1690055131912231
2545	0.39451703429222107
2546	1.283361554145813
2547	0.8981494307518005
2548	0.338791161775589
2549	1.8498209714889526
2550	0.37997567653656006
2551	0.3871481120586395
2552	1.550589919090271
2553	2.4357917308807373
2554	0.9132959246635437
2555	0.5232776999473572
2556	0.8699808716773987
2557	0.5606672167778015
2558	1.4932349920272827
2559	1.4214707612991333
2560	1.7760164737701416
2561	0.8453521728515625
2562	1.1319167613983154
2563	1.078818917274475
2564	0.8316105008125305
2565	1.1028136014938354
2566	0.6438210010528564
2567	4.25180721282959
2568	1.1414881944656372
2569	0.5393474102020264
2570	1.374234676361084
2571	0.49913570284843445
2572	0.7840206027030945
2573	1.4140492677688599
2574	0.6917034983634949
2575	1.4720708131790161
2576	0.24382656812667847
2577	0.7638098001480103
2578	1.0548266172409058
2579	0.5503605008125305
2580	0.52937912940979
2581	1.6155413389205933
2582	0.9248974323272705
2583	1.503874659538269
2584	1.531393051147461
2585	0.4558810293674469
2586	0.43420347571372986
2587	1.5090618133544922
2588	0.9872510433197021
2589	1.5436785221099854
2590	0.7646965384483337
2591	1.6338534355163574
2592	0.7331069707870483
2593	1.0072965621948242
2594	1.251983880996704
2595	0.8501394391059875
2596	0.8618665933609009
2597	0.5797505378723145
2598	0.9555990695953369
2599	1.5869519710540771
2600	2.3449106216430664
2601	0.5629784464836121
2602	0.4079732596874237
2603	0.7400497198104858
2604	0.9983260631561279
2605	1.0000611543655396
2606	0.4392426013946533
2607	0.5896944999694824
2608	0.3275981843471527
2609	0.6742058396339417
2610	1.4439617395401
2611	1.196326494216919
2612	0.3683190941810608
2613	0.27680063247680664
2614	0.19842205941677094
2615	0.6487178206443787
2616	1.4339537620544434
2617	0.43629777431488037
2618	0.680699348449707
2619	1.9064279794692993
2620	1.2543210983276367
2621	1.1395609378814697
2622	1.3290762901306152
2623	0.4418489336967468
2624	0.4687286615371704
2625	1.4067744016647339
2626	0.4602573812007904
2627	1.5712441205978394
2628	0.8596673607826233
2629	1.0785552263259888
2630	0.7977196574211121
2631	1.6730809211730957
2632	0.7549852132797241
2633	0.5422000885009766
2634	0.9784067869186401
2635	1.1103321313858032
2636	2.142423152923584
2637	1.6531554460525513
2638	1.4171682596206665
2639	0.9348344206809998
2640	0.7179100513458252
2641	1.1020128726959229
2642	1.8719627857208252
2643	1.3841688632965088
2644	0.3867456614971161
2645	1.575603723526001
2646	1.4409009218215942
2647	1.001010775566101
2648	0.45897507667541504
2649	0.4974585771560669
2650	0.48177602887153625
2651	0.6683024168014526
2652	1.017625093460083
2653	2.0655744075775146
2654	0.8890724778175354
2655	1.9206480979919434
2656	0.6009645462036133
2657	1.0830861330032349
2658	0.9168154001235962
2659	0.5701059699058533
2660	0.724409282207489
2661	0.9881607890129089
2662	0.5256222486495972
2663	0.5568765997886658
2664	0.6479196548461914
2665	1.8681846857070923
2666	1.5843957662582397
2667	1.0190856456756592
2668	0.6469003558158875
2669	0.8422961235046387
2670	0.38935211300849915
2671	0.7762367129325867
2672	0.5977501273155212
2673	1.0460129976272583
2674	1.0746639966964722
2675	0.747556746006012
2676	1.2859901189804077
2677	0.8924849033355713
2678	0.5061867833137512
2679	0.8739244341850281
2680	0.2633458971977234
2681	0.9134237170219421
2682	1.2939282655715942
2683	0.5230104923248291
2684	0.851361870765686
2685	0.9283894896507263
2686	0.624232292175293
2687	1.2257966995239258
2688	1.68534517288208
2689	1.595223069190979
2690	0.800897479057312
2691	1.0170425176620483
2692	1.4847320318222046
2693	0.7432523965835571
2694	0.6652942895889282
2695	1.3040220737457275
2696	1.73347806930542
2697	0.949363112449646
2698	2.1134026050567627
2699	1.0170488357543945
2700	0.949066162109375
2701	1.05941641330719
2702	0.5344791412353516
2703	1.5665397644042969
2704	1.2220964431762695
2705	1.1184066534042358
2706	1.062908411026001
2707	1.3334635496139526
2708	0.5030953288078308
2709	0.9374367594718933
2710	0.4388803243637085
2711	0.3736497759819031
2712	1.7135554552078247
2713	1.0889201164245605
2714	0.33920565247535706
2715	0.6024356484413147
2716	0.9552842378616333
2717	0.847488522529602
2718	0.97039794921875
2719	0.7274801731109619
2720	0.7754269242286682
2721	0.8774327635765076
2722	1.3968533277511597
2723	1.6935256719589233
2724	0.8180649280548096
2725	1.4314781427383423
2726	0.8946696519851685
2727	0.8525319695472717
2728	1.037259817123413
2729	0.9905577301979065
2730	1.7097206115722656
2731	1.156943678855896
2732	0.7544748187065125
2733	0.9536779522895813
2734	1.1149002313613892
2735	0.6538001894950867
2736	1.2100173234939575
2737	0.658053457736969
2738	0.6620388627052307
2739	1.3279036283493042
2740	0.49929943680763245
2741	1.1562440395355225
2742	1.1686804294586182
2743	0.6998780369758606
2744	2.2164390087127686
2745	0.9584642648696899
2746	0.7957839965820312
2747	1.1335463523864746
2748	1.2079800367355347
2749	0.7002121210098267
2750	1.2316174507141113
2751	0.555324375629425
2752	1.111615538597107
2753	0.8751124739646912
2754	2.1395795345306396
2755	0.593877375125885
2756	1.199232578277588
2757	0.9218416810035706
2758	0.9373405575752258
2759	0.6225717663764954
2760	1.0974138975143433
2761	0.9620435237884521
2762	1.2084966897964478
2763	1.2439231872558594
2764	1.6604284048080444
2765	0.7476398944854736
2766	1.17462956905365
2767	0.9497628808021545
2768	0.9644144773483276
2769	0.8107972145080566
2770	0.7596859931945801
2771	0.9891506433486938
2772	1.0769178867340088
2773	2.34657621383667
2774	1.193375825881958
2775	0.46987709403038025
2776	0.7122198343276978
2777	0.6035990715026855
2778	2.0970280170440674
2779	0.8817700147628784
2780	0.831638753414154
2781	1.0100587606430054
2782	1.5181248188018799
2783	0.4084600806236267
2784	0.5495240688323975
2785	0.7694312334060669
2786	1.6344200372695923
2787	0.8180513978004456
2788	2.010226249694824
2789	2.0691933631896973
2790	1.0125352144241333
2791	0.5489863753318787
2792	0.9364722967147827
2793	1.3195648193359375
2794	1.0911180973052979
2795	1.5930612087249756
2796	1.4496564865112305
2797	0.5364924073219299
2798	1.5608985424041748
2799	0.7695702910423279
2800	1.172499656677246
2801	0.37804141640663147
2802	1.146286129951477
2803	1.6140048503875732
2804	0.6822860240936279
2805	0.2372141182422638
2806	0.8874193429946899
2807	0.8813724517822266
2808	0.4489956200122833
2809	0.7177382707595825
2810	1.1498905420303345
2811	2.090021848678589
2812	1.4460206031799316
2813	1.0377882719039917
2814	1.0112249851226807
2815	0.9428197741508484
2816	1.1688182353973389
2817	0.5336970090866089
2818	1.525736927986145
2819	0.9813007712364197
2820	1.1877161264419556
2821	0.3527449667453766
2822	1.0634703636169434
2823	0.7483230829238892
2824	0.5174899697303772
2825	1.8803703784942627
2826	1.0770810842514038
2827	0.543331503868103
2828	0.6504299640655518
2829	0.6495220065116882
2830	1.3524422645568848
2831	1.1945241689682007
2832	1.2154659032821655
2833	0.5110375285148621
2834	1.0691837072372437
2835	1.9001942873001099
2836	0.9158638119697571
2837	1.4079457521438599
2838	1.9356509447097778
2839	1.3724195957183838
2840	1.7867953777313232
2841	1.2860764265060425
2842	0.5477169156074524
2843	1.0296647548675537
2844	1.5236719846725464
2845	0.9985494017601013
2846	0.7636380195617676
2847	0.3918056786060333
2848	1.9732611179351807
2849	0.7590444684028625
2850	0.6897860765457153
2851	1.2071369886398315
2852	0.5989071726799011
2853	1.2597638368606567
2854	0.4500771760940552
2855	1.2791571617126465
2856	1.9461067914962769
2857	1.3811787366867065
2858	0.9140307903289795
2859	0.8109434247016907
2860	0.7920355200767517
2861	2.743908405303955
2862	1.248741626739502
2863	1.3819639682769775
2864	0.6308093667030334
2865	0.5838258266448975
2866	0.9418327212333679
2867	1.0353670120239258
2868	1.0551011562347412
2869	1.164292573928833
2870	0.6666343212127686
2871	0.9760928153991699
2872	1.1867773532867432
2873	1.369789719581604
2874	0.35774651169776917
2875	1.376996636390686
2876	1.9889165163040161
2877	0.8634923100471497
2878	1.158861756324768
2879	1.5314782857894897
2880	0.9845027923583984
2881	1.267087697982788
2882	1.5449550151824951
2883	2.802579164505005
2884	1.5067719221115112
2885	1.3289918899536133
2886	2.7165205478668213
2887	0.3808128833770752
2888	1.1653337478637695
2889	1.1682665348052979
2890	0.8967360258102417
2891	0.8322539925575256
2892	1.0758460760116577
2893	2.9722208976745605
2894	0.9552237391471863
2895	1.9476537704467773
2896	2.001809597015381
2897	1.5945082902908325
2898	1.5560740232467651
2899	0.6458099484443665
2900	1.4795870780944824
2901	0.1890493631362915
2902	0.8567944765090942
2903	0.7336606979370117
2904	0.3450103998184204
2905	1.5641906261444092
2906	0.5335755348205566
2907	1.2501262426376343
2908	1.0862369537353516
2909	0.9452016949653625
2910	1.2762058973312378
2911	0.7529420852661133
2912	1.3369477987289429
2913	1.2483848333358765
2914	0.6828649044036865
2915	0.4283866584300995
2916	1.5105427503585815
2917	1.1794054508209229
2918	1.5267897844314575
2919	0.8206021189689636
2920	0.7308277487754822
2921	0.7013301253318787
2922	0.19232504069805145
2923	1.0258928537368774
2924	0.7275381684303284
2925	1.1255626678466797
2926	0.7355701923370361
2927	0.6667749285697937
2928	1.2688980102539062
2929	0.7995150089263916
2930	1.427647590637207
2931	1.337044358253479
2932	0.829609215259552
2933	0.5267733335494995
2934	1.0207213163375854
2935	2.4575860500335693
2936	1.0240813493728638
2937	0.8398311734199524
2938	1.3250170946121216
2939	1.0185543298721313
2940	2.147644519805908
2941	0.8021756410598755
2942	1.559174656867981
2943	0.8597652316093445
2944	0.4705631136894226
2945	0.44522616267204285
2946	0.41187533736228943
2947	1.0920215845108032
2948	0.6216422915458679
2949	0.831915020942688
2950	0.0849260613322258
2951	0.8535262942314148
2952	0.7690097093582153
2953	1.156278371810913
2954	1.045022964477539
2955	0.975922703742981
2956	1.9405131340026855
2957	0.9856821894645691
2958	1.0918519496917725
2959	1.4192126989364624
2960	0.8484649658203125
2961	0.5376708507537842
2962	1.4950056076049805
2963	0.9009617567062378
2964	0.954182505607605
2965	0.8217409253120422
2966	0.6446181535720825
2967	0.7753126621246338
2968	0.6999791264533997
2969	0.8748636841773987
2970	0.8643561005592346
2971	0.40877169370651245
2972	1.2931928634643555
2973	1.7171109914779663
2974	0.6602498888969421
2975	0.909244179725647
2976	0.5136646628379822
2977	0.8733996748924255
2978	1.429916262626648
2979	1.9238169193267822
2980	0.9220994710922241
2981	0.7567645311355591
2982	1.4275147914886475
2983	0.716545581817627
2984	0.43705832958221436
2985	1.2323424816131592
2986	0.7569934129714966
2987	0.364023894071579
2988	2.06394100189209
2989	1.212625503540039
2990	1.44565749168396
2991	1.6270394325256348
2992	0.5486102104187012
2993	0.9723556041717529
2994	0.3904294967651367
2995	0.9867099523544312
2996	1.142048954963684
2997	1.5085527896881104
2998	0.8377804160118103
2999	1.217103123664856
3000	0.3329048156738281
3001	1.0430095195770264
3002	1.9003822803497314
3003	1.5171363353729248
3004	0.38877248764038086
3005	0.8825045228004456
3006	1.3626989126205444
3007	0.9830755591392517
3008	1.114395022392273
3009	1.0623862743377686
3010	0.6712251901626587
3011	1.6185855865478516
3012	1.1213178634643555
3013	1.9223856925964355
3014	1.1513880491256714
3015	1.095333218574524
3016	1.599482774734497
3017	1.6434688568115234
3018	1.87024986743927
3019	0.2711157500743866
3020	1.2545946836471558
3021	1.2870033979415894
3022	1.239959716796875
3023	0.2625507414340973
3024	1.3494197130203247
3025	2.0578901767730713
3026	1.5941492319107056
3027	1.0310895442962646
3028	0.9484376907348633
3029	1.1030598878860474
3030	0.44320884346961975
3031	1.7524566650390625
3032	1.1701704263687134
3033	0.5496063828468323
3034	2.0852293968200684
3035	0.6264932155609131
3036	1.4200109243392944
3037	0.9659810662269592
3038	0.9665449857711792
3039	1.2308300733566284
3040	1.0963895320892334
3041	0.896182119846344
3042	0.5132657289505005
3043	1.3394914865493774
3044	1.9182891845703125
3045	0.8358785510063171
3046	1.0959746837615967
3047	0.7035723924636841
3048	0.971161425113678
3049	1.2346001863479614
3050	1.0899436473846436
3051	1.0349984169006348
3052	1.026231050491333
3053	2.0102128982543945
3054	0.9797787666320801
3055	2.1210103034973145
3056	1.4316375255584717
3057	0.8453439474105835
3058	0.8849079012870789
3059	0.42238378524780273
3060	1.0639710426330566
3061	1.407653570175171
3062	1.0460678339004517
3063	1.155097484588623
3064	0.6994946599006653
3065	0.5993163585662842
3066	0.6833547353744507
3067	1.2947715520858765
3068	0.7334495186805725
3069	0.6674150824546814
3070	0.9608761072158813
3071	0.4600958526134491
3072	1.1097450256347656
3073	0.4232085347175598
3074	0.6261147260665894
3075	1.586575984954834
3076	1.9041569232940674
3077	0.38961732387542725
3078	0.9334352612495422
3079	1.8054900169372559
3080	0.8900539875030518
3081	0.6956203579902649
3082	1.9200547933578491
3083	0.6848684549331665
3084	1.0316052436828613
3085	0.7741695046424866
3086	0.8255194425582886
3087	0.8898630738258362
3088	2.223179578781128
3089	0.6349824070930481
3090	0.9415271282196045
3091	0.33160480856895447
3092	1.024165153503418
3093	1.250741720199585
3094	1.0989735126495361
3095	0.9778001308441162
3096	1.3196526765823364
3097	1.3145664930343628
3098	0.979331374168396
3099	0.46136555075645447
3100	1.892842411994934
3101	1.7141340970993042
3102	1.2747411727905273
3103	1.1979305744171143
3104	0.900454580783844
3105	0.5504231452941895
3106	0.8867785930633545
3107	0.6158097386360168
3108	0.5661453008651733
3109	0.819385826587677
3110	0.7069234251976013
3111	1.1135191917419434
3112	0.8542855381965637
3113	0.9854701161384583
3114	0.8655557036399841
3115	1.0491925477981567
3116	0.9672664403915405
3117	0.5523924231529236
3118	0.7628043293952942
3119	0.3199548125267029
3120	1.0995802879333496
3121	0.6205425262451172
3122	1.855824589729309
3123	0.2842442989349365
3124	0.7887964248657227
3125	0.8109651207923889
3126	0.7848591804504395
3127	0.22386763989925385
3128	1.00981605052948
3129	1.3769785165786743
3130	1.0594176054000854
3131	1.2505160570144653
3132	1.000430941581726
3133	0.7799829840660095
3134	1.5923482179641724
3135	0.520398736000061
3136	1.2870373725891113
3137	1.305594801902771
3138	0.7567235827445984
3139	1.3431096076965332
3140	0.8911176919937134
3141	1.0300002098083496
3142	1.2594112157821655
3143	0.5686395764350891
3144	0.6841205954551697
3145	0.7372332811355591
3146	0.48593422770500183
3147	0.9824602603912354
3148	0.6669474244117737
3149	1.0254753828048706
3150	1.5815682411193848
3151	0.7656010985374451
3152	1.3797787427902222
3153	0.9554215669631958
3154	0.9190050959587097
3155	1.6002756357192993
3156	2.1312546730041504
3157	0.6601208448410034
3158	1.3088668584823608
3159	0.7194112539291382
3160	0.4173905849456787
3161	1.1711851358413696
3162	0.6452112793922424
3163	1.1257983446121216
3164	1.7508187294006348
3165	0.9149811863899231
3166	0.8393381834030151
3167	0.7260502576828003
3168	0.47152644395828247
3169	0.4636923670768738
3170	1.5032250881195068
3171	1.066902995109558
3172	0.704986035823822
3173	1.2797199487686157
3174	1.3069541454315186
3175	1.8123340606689453
3176	1.4669764041900635
3177	1.468376636505127
3178	0.7433598637580872
3179	0.505048930644989
3180	1.5435916185379028
3181	0.8528958559036255
3182	0.3998252749443054
3183	0.6382121443748474
3184	0.5387290120124817
3185	1.0097225904464722
3186	1.0917134284973145
3187	1.74143385887146
3188	1.016904354095459
3189	0.9071389436721802
3190	0.8020045161247253
3191	0.755128800868988
3192	0.3078760504722595
3193	1.4294657707214355
3194	1.7858061790466309
3195	1.0002578496932983
3196	0.4217103123664856
3197	1.169152855873108
3198	0.8760455846786499
3199	0.7777460217475891
3200	0.9097031950950623
3201	0.9478124380111694
3202	0.5058602094650269
3203	0.7879955172538757
3204	0.5838871598243713
3205	2.392601728439331
3206	0.8764820694923401
3207	2.4760992527008057
3208	1.3747698068618774
3209	1.4137394428253174
3210	0.3437706232070923
3211	0.8436254858970642
3212	0.8719725608825684
3213	1.3132168054580688
3214	1.3212710618972778
3215	0.5408918261528015
3216	2.2348222732543945
3217	1.8074196577072144
3218	0.9193273186683655
3219	0.35072553157806396
3220	0.5090948343276978
3221	0.918252170085907
3222	1.1790482997894287
3223	0.7966832518577576
3224	0.42907360196113586
3225	1.3451755046844482
3226	2.134275436401367
3227	1.2158079147338867
3228	0.7075375914573669
3229	0.9411123394966125
3230	1.0718109607696533
3231	0.48362553119659424
3232	0.35774388909339905
3233	2.05317759513855
3234	0.8529945611953735
3235	1.121590495109558
3236	0.5552176237106323
3237	1.5428673028945923
3238	1.1136829853057861
3239	0.8131466507911682
3240	1.0280559062957764
3241	1.436098337173462
3242	0.8059965372085571
3243	1.1904973983764648
3244	2.003156900405884
3245	1.2150582075119019
3246	0.4574074447154999
3247	0.6710732579231262
3248	1.1823687553405762
3249	0.8166471123695374
3250	0.9802089333534241
3251	1.270579218864441
3252	0.5962037444114685
3253	0.6230332255363464
3254	0.8182209730148315
3255	0.7146915197372437
3256	0.5067291259765625
3257	0.5469013452529907
3258	0.6287344098091125
3259	1.108572244644165
3260	2.1277196407318115
3261	1.505677342414856
3262	1.0835050344467163
3263	0.6874092817306519
3264	1.3575135469436646
3265	0.8678348660469055
3266	1.3414357900619507
3267	0.9196522235870361
3268	0.6920052170753479
3269	1.2790086269378662
3270	1.357804536819458
3271	1.74225652217865
3272	1.517117977142334
3273	2.0735208988189697
3274	1.1083998680114746
3275	0.9878132939338684
3276	0.6665065884590149
3277	3.7888784408569336
3278	2.5354058742523193
3279	0.6192285418510437
3280	0.9778213500976562
3281	1.3281785249710083
3282	0.7361393570899963
3283	0.514947772026062
3284	1.151854395866394
3285	0.5396854281425476
3286	0.9650672674179077
3287	0.4594510793685913
3288	0.7720580697059631
3289	0.7095032334327698
3290	1.727122187614441
3291	0.49130886793136597
3292	1.2732269763946533
3293	1.0456689596176147
3294	0.6959501504898071
3295	0.46158885955810547
3296	1.0651177167892456
3297	1.4894431829452515
3298	0.41855645179748535
3299	1.2997230291366577
3300	0.619483232498169
3301	1.5554193258285522
3302	1.549640417098999
3303	0.6115453243255615
3304	0.9535671472549438
3305	0.7178404331207275
3306	0.20058488845825195
3307	0.4459962844848633
3308	1.1619148254394531
3309	0.8431929349899292
3310	1.88040292263031
3311	0.538969874382019
3312	0.65