1	0.057992368936538696
2	0.06605485826730728
3	0.08554252982139587
4	0.09547687321901321
5	0.09954174607992172
6	0.10558202862739563
7	0.12058782577514648
8	0.13865818083286285
9	0.14325770735740662
10	0.15050441026687622
11	0.1523803472518921
12	0.15547312796115875
13	0.16645528376102448
14	0.16694487631320953
15	0.17209628224372864
16	0.17245200276374817
17	0.1752416342496872
18	0.17925232648849487
19	0.18318867683410645
20	0.18786688148975372
21	0.19167432188987732
22	0.20669923722743988
23	0.21052558720111847
24	0.2169976532459259
25	0.21835535764694214
26	0.21924243867397308
27	0.2227540910243988
28	0.22462457418441772
29	0.22499869763851166
30	0.22959376871585846
31	0.23047120869159698
32	0.23754394054412842
33	0.2424696534872055
34	0.24351437389850616
35	0.24364474415779114
36	0.24418362975120544
37	0.2448921948671341
38	0.24758584797382355
39	0.24806927144527435
40	0.2484736442565918
41	0.248784601688385
42	0.2506490647792816
43	0.25276634097099304
44	0.2530173361301422
45	0.2531927824020386
46	0.2540431022644043
47	0.2545423209667206
48	0.2547762989997864
49	0.25553813576698303
50	0.2564741373062134
51	0.25733616948127747
52	0.2573696970939636
53	0.2595197260379791
54	0.2596169114112854
55	0.26134762167930603
56	0.26195645332336426
57	0.26243656873703003
58	0.2628307342529297
59	0.26407963037490845
60	0.2656621038913727
61	0.2657009959220886
62	0.2679001986980438
63	0.2692936956882477
64	0.27084648609161377
65	0.2719443142414093
66	0.27205386757850647
67	0.272695392370224
68	0.2729988694190979
69	0.2743435204029083
70	0.2753412425518036
71	0.2769317626953125
72	0.2775498926639557
73	0.27786973118782043
74	0.27832314372062683
75	0.278426855802536
76	0.2788223922252655
77	0.2801668643951416
78	0.28040966391563416
79	0.2806178033351898
80	0.28064075112342834
81	0.28102508187294006
82	0.28130948543548584
83	0.28150683641433716
84	0.28201133012771606
85	0.2822742164134979
86	0.2841393053531647
87	0.2845079302787781
88	0.2848495841026306
89	0.2849510908126831
90	0.2851353585720062
91	0.28540995717048645
92	0.2857058048248291
93	0.28598079085350037
94	0.2864961624145508
95	0.28659671545028687
96	0.286996990442276
97	0.2871769964694977
98	0.28758272528648376
99	0.2879064977169037
100	0.28847941756248474
101	0.2887224853038788
102	0.2893141210079193
103	0.2900640666484833
104	0.2902836799621582
105	0.291387677192688
106	0.2915101945400238
107	0.29277321696281433
108	0.2929701507091522
109	0.2931195795536041
110	0.29391956329345703
111	0.29416078329086304
112	0.29436764121055603
113	0.294684499502182
114	0.29493576288223267
115	0.29530373215675354
116	0.29535597562789917
117	0.29559001326560974
118	0.29600194096565247
119	0.2960984408855438
120	0.2961515486240387
121	0.29662734270095825
122	0.2979035973548889
123	0.29807546734809875
124	0.2983309328556061
125	0.2997364103794098
126	0.3001951277256012
127	0.30088868737220764
128	0.3009334206581116
129	0.3014175593852997
130	0.30150362849235535
131	0.30201905965805054
132	0.3020918071269989
133	0.30223727226257324
134	0.30252113938331604
135	0.3028406500816345
136	0.30366063117980957
137	0.30370181798934937
138	0.30396777391433716
139	0.3043859302997589
140	0.30469822883605957
141	0.30519524216651917
142	0.305282324552536
143	0.3053203225135803
144	0.30543896555900574
145	0.30569547414779663
146	0.3059287965297699
147	0.30654624104499817
148	0.30662763118743896
149	0.30680355429649353
150	0.30689650774002075
151	0.3071192502975464
152	0.3072195053100586
153	0.3075841963291168
154	0.30791595578193665
155	0.3080366551876068
156	0.30817243456840515
157	0.30825573205947876
158	0.30876171588897705
159	0.3089433014392853
160	0.3091376721858978
161	0.30940839648246765
162	0.30966717004776
163	0.31004008650779724
164	0.31009188294410706
165	0.3101317584514618
166	0.3113345801830292
167	0.31148386001586914
168	0.31168240308761597
169	0.3118549883365631
170	0.3121631145477295
171	0.31228312849998474
172	0.31237828731536865
173	0.31247591972351074
174	0.31283116340637207
175	0.31291210651397705
176	0.31307852268218994
177	0.3131207227706909
178	0.3132481873035431
179	0.31410810351371765
180	0.31477102637290955
181	0.3149784207344055
182	0.3158787190914154
183	0.3159904181957245
184	0.31608083844184875
185	0.3163032531738281
186	0.31680548191070557
187	0.3172169029712677
188	0.3172774016857147
189	0.31746819615364075
190	0.3175266683101654
191	0.3176520764827728
192	0.3182114064693451
193	0.3182527422904968
194	0.3184199333190918
195	0.318583607673645
196	0.319434255361557
197	0.31974881887435913
198	0.32000523805618286
199	0.3208755552768707
200	0.32133322954177856
201	0.32163316011428833
202	0.3217449188232422
203	0.3219948410987854
204	0.32211217284202576
205	0.32228654623031616
206	0.3227636516094208
207	0.32287314534187317
208	0.32295143604278564
209	0.3230699896812439
210	0.3231238126754761
211	0.3238529562950134
212	0.32393184304237366
213	0.3239625096321106
214	0.32398203015327454
215	0.3240818977355957
216	0.32413920760154724
217	0.3242604434490204
218	0.3243273198604584
219	0.32441988587379456
220	0.32462793588638306
221	0.32478582859039307
222	0.3251221776008606
223	0.3266206979751587
224	0.32688993215560913
225	0.3273717761039734
226	0.3273898661136627
227	0.32742786407470703
228	0.32828447222709656
229	0.3283889889717102
230	0.3284079134464264
231	0.3285365402698517
232	0.3287734091281891
233	0.3293677568435669
234	0.32938116788864136
235	0.32944822311401367
236	0.3296855092048645
237	0.3297646641731262
238	0.32984253764152527
239	0.3302294611930847
240	0.3303017318248749
241	0.33055806159973145
242	0.33063238859176636
243	0.3307115435600281
244	0.330848753452301
245	0.33139675855636597
246	0.33147990703582764
247	0.3316548764705658
248	0.33201393485069275
249	0.332042932510376
250	0.33215051889419556
251	0.33253976702690125
252	0.3328140377998352
253	0.33326321840286255
254	0.33358484506607056
255	0.3338378071784973
256	0.3340253531932831
257	0.33414044976234436
258	0.33422306180000305
259	0.33438554406166077
260	0.3345421552658081
261	0.33508384227752686
262	0.33521002531051636
263	0.33558550477027893
264	0.3358615040779114
265	0.3360271155834198
266	0.3361334204673767
267	0.33627331256866455
268	0.3363378643989563
269	0.33653122186660767
270	0.3365515172481537
271	0.33664068579673767
272	0.3368266522884369
273	0.33725324273109436
274	0.337378591299057
275	0.3375455141067505
276	0.33757445216178894
277	0.3376399278640747
278	0.33770498633384705
279	0.33776211738586426
280	0.33793190121650696
281	0.3382512032985687
282	0.3382973372936249
283	0.33836987614631653
284	0.33872416615486145
285	0.3388005793094635
286	0.33902281522750854
287	0.33929532766342163
288	0.33938899636268616
289	0.33949485421180725
290	0.3397122323513031
291	0.3397712707519531
292	0.3400471806526184
293	0.340410977602005
294	0.3405705988407135
295	0.34063106775283813
296	0.3407107889652252
297	0.3408595621585846
298	0.34098732471466064
299	0.34117597341537476
300	0.3413054049015045
301	0.3414178490638733
302	0.34169670939445496
303	0.34181633591651917
304	0.34205296635627747
305	0.34211909770965576
306	0.3425106108188629
307	0.3427577316761017
308	0.34286677837371826
309	0.3430802822113037
310	0.3432045876979828
311	0.3433278501033783
312	0.34352150559425354
313	0.34357431530952454
314	0.3436259329319
315	0.343680202960968
316	0.3437361717224121
317	0.34385475516319275
318	0.3446979820728302
319	0.34486329555511475
320	0.3449130356311798
321	0.34533071517944336
322	0.3454062342643738
323	0.3454311192035675
324	0.34565839171409607
325	0.3456971049308777
326	0.34570401906967163
327	0.3457736074924469
328	0.34584975242614746
329	0.34604600071907043
330	0.34741443395614624
331	0.3475379943847656
332	0.34757691621780396
333	0.3478716015815735
334	0.34806907176971436
335	0.3482336699962616
336	0.34883350133895874
337	0.3489789068698883
338	0.3504190146923065
339	0.35068827867507935
340	0.3507513403892517
341	0.35078540444374084
342	0.3509010970592499
343	0.3510093092918396
344	0.3510664403438568
345	0.3511416018009186
346	0.3512721061706543
347	0.35135358572006226
348	0.35160815715789795
349	0.35185706615448
350	0.3518635630607605
351	0.3528823256492615
352	0.3531302511692047
353	0.35324200987815857
354	0.3533375859260559
355	0.3534071147441864
356	0.35360923409461975
357	0.3539274036884308
358	0.35399824380874634
359	0.3540409207344055
360	0.35425445437431335
361	0.35434457659721375
362	0.35485216975212097
363	0.3548865020275116
364	0.35499346256256104
365	0.35510116815567017
366	0.35563504695892334
367	0.35600143671035767
368	0.35612377524375916
369	0.3562528192996979
370	0.356290340423584
371	0.3565607964992523
372	0.35674387216567993
373	0.35689085721969604
374	0.35714268684387207
375	0.35735803842544556
376	0.3574993312358856
377	0.35766008496284485
378	0.35772904753685
379	0.35792312026023865
380	0.35842156410217285
381	0.3584769368171692
382	0.35868269205093384
383	0.35869938135147095
384	0.35877421498298645
385	0.35885584354400635
386	0.35888126492500305
387	0.3592672646045685
388	0.35936421155929565
389	0.35941898822784424
390	0.35959967970848083
391	0.35966506600379944
392	0.35980281233787537
393	0.3598337173461914
394	0.35999906063079834
395	0.3600805699825287
396	0.3602486848831177
397	0.36048707365989685
398	0.36064329743385315
399	0.3606836497783661
400	0.36078035831451416
401	0.36106568574905396
402	0.36113303899765015
403	0.3611534535884857
404	0.36133983731269836
405	0.36144500970840454
406	0.36149853467941284
407	0.36175256967544556
408	0.3619570732116699
409	0.362144410610199
410	0.36230459809303284
411	0.36246258020401
412	0.36246946454048157
413	0.36258596181869507
414	0.36269229650497437
415	0.36290082335472107
416	0.3629804849624634
417	0.36309853196144104
418	0.3632533848285675
419	0.3636753261089325
420	0.36374151706695557
421	0.36389076709747314
422	0.363923043012619
423	0.3641260862350464
424	0.36418917775154114
425	0.36455297470092773
426	0.36485087871551514
427	0.3651620149612427
428	0.3655039072036743
429	0.36563554406166077
430	0.36568400263786316
431	0.3657715618610382
432	0.3658025860786438
433	0.3660546541213989
434	0.3661196529865265
435	0.3666204512119293
436	0.36709433794021606
437	0.3671928644180298
438	0.3672492206096649
439	0.36733224987983704
440	0.36762022972106934
441	0.3682958781719208
442	0.3683839440345764
443	0.3684573471546173
444	0.3687285780906677
445	0.3689546585083008
446	0.36903393268585205
447	0.3691447675228119
448	0.3691653609275818
449	0.3691827058792114
450	0.36927783489227295
451	0.3693275451660156
452	0.36942631006240845
453	0.3694906532764435
454	0.3696519136428833
455	0.3701443672180176
456	0.37025871872901917
457	0.37070217728614807
458	0.37070658802986145
459	0.3707362711429596
460	0.3708065450191498
461	0.37087851762771606
462	0.370922714471817
463	0.37101924419403076
464	0.3711400330066681
465	0.3711950480937958
466	0.37123629450798035
467	0.37148958444595337
468	0.3718544840812683
469	0.37188127636909485
470	0.37193456292152405
471	0.3720243275165558
472	0.372072696685791
473	0.37267231941223145
474	0.3727101981639862
475	0.3727816343307495
476	0.37295106053352356
477	0.37307655811309814
478	0.37324967980384827
479	0.3732917904853821
480	0.37335091829299927
481	0.37337586283683777
482	0.37345924973487854
483	0.373667448759079
484	0.3737676441669464
485	0.3740138113498688
486	0.3746494948863983
487	0.37478408217430115
488	0.37483957409858704
489	0.3749302327632904
490	0.37500083446502686
491	0.37559449672698975
492	0.375637412071228
493	0.37579628825187683
494	0.3759829103946686
495	0.3760286867618561
496	0.37610599398612976
497	0.3763250410556793
498	0.37636804580688477
499	0.3764122426509857
500	0.3766307830810547
501	0.3766840398311615
502	0.37677744030952454
503	0.37681376934051514
504	0.3769390285015106
505	0.3769971430301666
506	0.377082884311676
507	0.37717583775520325
508	0.3771922290325165
509	0.37738481163978577
510	0.3775100111961365
511	0.37760600447654724
512	0.3780174255371094
513	0.37831348180770874
514	0.378434419631958
515	0.3784552216529846
516	0.3785466253757477
517	0.3785609006881714
518	0.3786042034626007
519	0.3787204623222351
520	0.37875792384147644
521	0.37896665930747986
522	0.3792061507701874
523	0.3793056905269623
524	0.37933143973350525
525	0.3793669044971466
526	0.379396915435791
527	0.3794848620891571
528	0.37950292229652405
529	0.3795320391654968
530	0.379606157541275
531	0.37975093722343445
532	0.3800179958343506
533	0.38004663586616516
534	0.38022395968437195
535	0.3803023099899292
536	0.38038840889930725
537	0.38052594661712646
538	0.3807627856731415
539	0.3807964324951172
540	0.38100606203079224
541	0.3813190162181854
542	0.38136717677116394
543	0.3813979923725128
544	0.3814309537410736
545	0.38146770000457764
546	0.3817306160926819
547	0.3818877339363098
548	0.3820021450519562
549	0.3822175860404968
550	0.3823338449001312
551	0.3824281096458435
552	0.3824548125267029
553	0.38247838616371155
554	0.38271209597587585
555	0.3827421963214874
556	0.38279110193252563
557	0.3828456401824951
558	0.3829110562801361
559	0.38299137353897095
560	0.38308098912239075
561	0.38312897086143494
562	0.38336625695228577
563	0.3834805488586426
564	0.3835432827472687
565	0.38371938467025757
566	0.3839259445667267
567	0.38606902956962585
568	0.3861069083213806
569	0.38610774278640747
570	0.3862035572528839
571	0.3864253759384155
572	0.38648927211761475
573	0.3868691325187683
574	0.386934757232666
575	0.3869614899158478
576	0.3870827555656433
577	0.38764476776123047
578	0.38766059279441833
579	0.3877379298210144
580	0.3878742754459381
581	0.38791602849960327
582	0.38813379406929016
583	0.3882664740085602
584	0.3884391784667969
585	0.38851895928382874
586	0.38865163922309875
587	0.3886984586715698
588	0.388712614774704
589	0.3887934684753418
590	0.3888781666755676
591	0.3890817165374756
592	0.3891165554523468
593	0.3891282081604004
594	0.38921502232551575
595	0.38936087489128113
596	0.38940420746803284
597	0.38952383399009705
598	0.3898879885673523
599	0.38994911313056946
600	0.3899916112422943
601	0.39007508754730225
602	0.3902212679386139
603	0.3902522325515747
604	0.39040833711624146
605	0.39042404294013977
606	0.39066043496131897
607	0.3907153010368347
608	0.3907879590988159
609	0.39098450541496277
610	0.3911389410495758
611	0.39184167981147766
612	0.3919149339199066
613	0.39196911454200745
614	0.39220571517944336
615	0.3924212157726288
616	0.39251312613487244
617	0.39261317253112793
618	0.39281192421913147
619	0.3928339183330536
620	0.3928539752960205
621	0.3929119110107422
622	0.3933038115501404
623	0.39332902431488037
624	0.3933833837509155
625	0.3934634029865265
626	0.39363259077072144
627	0.393668532371521
628	0.3938116431236267
629	0.3938399851322174
630	0.3939829468727112
631	0.39401113986968994
632	0.394369512796402
633	0.39442959427833557
634	0.39448055624961853
635	0.39456838369369507
636	0.39461174607276917
637	0.39467111229896545
638	0.39470455050468445
639	0.39473533630371094
640	0.394756942987442
641	0.3947979509830475
642	0.39499443769454956
643	0.39507973194122314
644	0.3951720595359802
645	0.39519864320755005
646	0.39528146386146545
647	0.3953901529312134
648	0.3955126106739044
649	0.39551520347595215
650	0.39567384123802185
651	0.39570948481559753
652	0.3957280218601227
653	0.3958212435245514
654	0.39588305354118347
655	0.3959181606769562
656	0.3959582448005676
657	0.39607512950897217
658	0.3961717188358307
659	0.3965824544429779
660	0.39739990234375
661	0.3974134027957916
662	0.397441565990448
663	0.3975408375263214
664	0.39758163690567017
665	0.397604376077652
666	0.3976718783378601
667	0.39770203828811646
668	0.3977121114730835
669	0.3979722559452057
670	0.39808204770088196
671	0.39822298288345337
672	0.3983665406703949
673	0.3984042704105377
674	0.3985804617404938
675	0.3986586630344391
676	0.3986755907535553
677	0.3987075388431549
678	0.39880597591400146
679	0.39885491132736206
680	0.39891108870506287
681	0.3990004062652588
682	0.3990638852119446
683	0.399079829454422
684	0.3991023600101471
685	0.39921438694000244
686	0.3993039131164551
687	0.3993518650531769
688	0.3994978368282318
689	0.39955607056617737
690	0.39981287717819214
691	0.3998602032661438
692	0.40006202459335327
693	0.4006720185279846
694	0.4007095396518707
695	0.4009219706058502
696	0.4015182852745056
697	0.40216580033302307
698	0.4024622440338135
699	0.40255007147789
700	0.40274539589881897
701	0.4027578830718994
702	0.4028085172176361
703	0.4028182625770569
704	0.4029027819633484
705	0.4029299020767212
706	0.402949720621109
707	0.4029912054538727
708	0.4033225476741791
709	0.4033301770687103
710	0.40336939692497253
711	0.40356212854385376
712	0.40362417697906494
713	0.40390756726264954
714	0.40394726395606995
715	0.4039633870124817
716	0.40414026379585266
717	0.4041735827922821
718	0.40423986315727234
719	0.40424618124961853
720	0.40427958965301514
721	0.4043312668800354
722	0.4043821096420288
723	0.4044066071510315
724	0.40448009967803955
725	0.40449854731559753
726	0.4045533537864685
727	0.4046328067779541
728	0.40470513701438904
729	0.40476369857788086
730	0.4047801196575165
731	0.4047854244709015
732	0.4049086272716522
733	0.404948353767395
734	0.4049794375896454
735	0.40506231784820557
736	0.40518125891685486
737	0.40530556440353394
738	0.40542396903038025
739	0.4055083394050598
740	0.40560847520828247
741	0.4056445062160492
742	0.40566739439964294
743	0.40588873624801636
744	0.4059631824493408
745	0.40601587295532227
746	0.4060535132884979
747	0.4060896635055542
748	0.40614181756973267
749	0.4062347412109375
750	0.40625613927841187
751	0.406328409910202
752	0.4063829481601715
753	0.40660783648490906
754	0.40662091970443726
755	0.40663784742355347
756	0.4069651663303375
757	0.4070431888103485
758	0.40705057978630066
759	0.4071491062641144
760	0.40715736150741577
761	0.4071809649467468
762	0.4073420763015747
763	0.4074414074420929
764	0.4074495732784271
765	0.4074801504611969
766	0.4074905216693878
767	0.40752649307250977
768	0.4076192080974579
769	0.407654732465744
770	0.4076709449291229
771	0.40772104263305664
772	0.4077856242656708
773	0.40780797600746155
774	0.40787142515182495
775	0.407897025346756
776	0.40804430842399597
777	0.408214271068573
778	0.40824171900749207
779	0.40827131271362305
780	0.4083258807659149
781	0.40837010741233826
782	0.40838924050331116
783	0.4084097743034363
784	0.4084654152393341
785	0.40964093804359436
786	0.40964391827583313
787	0.40981295704841614
788	0.40988296270370483
789	0.4099803864955902
790	0.4100706875324249
791	0.41027405858039856
792	0.4104529619216919
793	0.41048383712768555
794	0.41074809432029724
795	0.41077616810798645
796	0.4108554720878601
797	0.4111853837966919
798	0.411276638507843
799	0.411292165517807
800	0.411295086145401
801	0.41133615374565125
802	0.41136324405670166
803	0.4114474356174469
804	0.4116000831127167
805	0.41164854168891907
806	0.4117943048477173
807	0.41186174750328064
808	0.4120948314666748
809	0.4121076762676239
810	0.41212043166160583
811	0.412247896194458
812	0.4123077988624573
813	0.41231903433799744
814	0.4123685359954834
815	0.4123857021331787
816	0.41248878836631775
817	0.4126152992248535
818	0.4127328097820282
819	0.41277754306793213
820	0.4128232002258301
821	0.41285279393196106
822	0.41321608424186707
823	0.41326260566711426
824	0.41330409049987793
825	0.4133590757846832
826	0.41348931193351746
827	0.413545161485672
828	0.4145370125770569
829	0.414596289396286
830	0.41464632749557495
831	0.41466420888900757
832	0.4147479832172394
833	0.41485679149627686
834	0.4149508774280548
835	0.4150626063346863
836	0.4151708483695984
837	0.41533026099205017
838	0.4154627323150635
839	0.41549351811408997
840	0.41553303599357605
841	0.4155699610710144
842	0.4156181216239929
843	0.4156385362148285
844	0.41568341851234436
845	0.41627708077430725
846	0.4162900745868683
847	0.4164101779460907
848	0.416450560092926
849	0.4165368974208832
850	0.4165489077568054
851	0.41658449172973633
852	0.41663774847984314
853	0.41687867045402527
854	0.41698047518730164
855	0.4171506464481354
856	0.4172029495239258
857	0.4175132215023041
858	0.417665034532547
859	0.417686402797699
860	0.4177297055721283
861	0.4178224205970764
862	0.41798263788223267
863	0.4180513918399811
864	0.41827163100242615
865	0.4183143079280853
866	0.4183771014213562
867	0.4184628427028656
868	0.4187364876270294
869	0.41913479566574097
870	0.41915810108184814
871	0.4191811680793762
872	0.4192555844783783
873	0.419781357049942
874	0.41984355449676514
875	0.41988104581832886
876	0.4199841022491455
877	0.42002061009407043
878	0.4206453859806061
879	0.42067384719848633
880	0.42068004608154297
881	0.42072373628616333
882	0.4208196699619293
883	0.4208318889141083
884	0.42097803950309753
885	0.4210223853588104
886	0.42124229669570923
887	0.4213874042034149
888	0.4214172661304474
889	0.42144685983657837
890	0.42147597670555115
891	0.42175453901290894
892	0.4218311607837677
893	0.4218836724758148
894	0.42193499207496643
895	0.42208409309387207
896	0.4221248924732208
897	0.4221392571926117
898	0.42219078540802
899	0.42230987548828125
900	0.4223811626434326
901	0.42240092158317566
902	0.42257189750671387
903	0.42262396216392517
904	0.42273494601249695
905	0.42283183336257935
906	0.42287328839302063
907	0.4230090081691742
908	0.42363014817237854
909	0.42372214794158936
910	0.4237745702266693
911	0.42390745878219604
912	0.42398133873939514
913	0.4240514636039734
914	0.4241817891597748
915	0.4242796301841736
916	0.4243793189525604
917	0.424388587474823
918	0.4244213402271271
919	0.4244699478149414
920	0.424588143825531
921	0.42468908429145813
922	0.4247702956199646
923	0.4248370826244354
924	0.42486482858657837
925	0.42492741346359253
926	0.4250567555427551
927	0.42516255378723145
928	0.42526644468307495
929	0.425422340631485
930	0.4254343807697296
931	0.425521582365036
932	0.4255322217941284
933	0.425595760345459
934	0.4257431626319885
935	0.4257621467113495
936	0.42578235268592834
937	0.4258260428905487
938	0.42591315507888794
939	0.4260466396808624
940	0.42653822898864746
941	0.4267248809337616
942	0.4268670976161957
943	0.42696085572242737
944	0.4272119998931885
945	0.427654504776001
946	0.42781156301498413
947	0.4280302822589874
948	0.4280596077442169
949	0.4280875623226166
950	0.42811915278434753
951	0.4281286299228668
952	0.4283495247364044
953	0.42847803235054016
954	0.42857053875923157
955	0.42860114574432373
956	0.42888253927230835
957	0.428901731967926
958	0.4289618730545044
959	0.42896994948387146
960	0.4290556013584137
961	0.42913421988487244
962	0.429145872592926
963	0.42924603819847107
964	0.42925986647605896
965	0.429349809885025
966	0.4293575584888458
967	0.42963460087776184
968	0.42967262864112854
969	0.42970094084739685
970	0.42974045872688293
971	0.4297851622104645
972	0.4298531413078308
973	0.4299408793449402
974	0.4299964904785156
975	0.4300107955932617
976	0.4300687611103058
977	0.4301948547363281
978	0.43049728870391846
979	0.4306396245956421
980	0.4307692050933838
981	0.43083634972572327
982	0.4308602511882782
983	0.4310145676136017
984	0.4310317039489746
985	0.4312617778778076
986	0.4313366711139679
987	0.4313960373401642
988	0.4314132034778595
989	0.4314764440059662
990	0.4315930902957916
991	0.4316331744194031
992	0.43164777755737305
993	0.4317317008972168
994	0.43190252780914307
995	0.4319368004798889
996	0.43204036355018616
997	0.4324164390563965
998	0.4327107071876526
999	0.432807058095932
1000	0.4328312277793884
1001	0.4329271614551544
1002	0.4329604506492615
1003	0.4330381155014038
1004	0.433122843503952
1005	0.4331498444080353
1006	0.4332481026649475
1007	0.4332602620124817
1008	0.43344634771347046
1009	0.4335270822048187
1010	0.4341345429420471
1011	0.43415266275405884
1012	0.4341588616371155
1013	0.43419477343559265
1014	0.4342740476131439
1015	0.4343177080154419
1016	0.43435531854629517
1017	0.43438011407852173
1018	0.43439728021621704
1019	0.43447145819664
1020	0.43448591232299805
1021	0.4345473051071167
1022	0.43460607528686523
1023	0.4347127079963684
1024	0.4347165524959564
1025	0.4347812235355377
1026	0.4348129332065582
1027	0.4348185956478119
1028	0.4349125027656555
1029	0.434963583946228
1030	0.43499162793159485
1031	0.4350203275680542
1032	0.43504372239112854
1033	0.43506085872650146
1034	0.4351274073123932
1035	0.4352358281612396
1036	0.43532034754753113
1037	0.43537336587905884
1038	0.43538475036621094
1039	0.4355582594871521
1040	0.4358617663383484
1041	0.4358995854854584
1042	0.43594080209732056
1043	0.4359697699546814
1044	0.43600335717201233
1045	0.4360238015651703
1046	0.4360625147819519
1047	0.43615737557411194
1048	0.43624067306518555
1049	0.4362698793411255
1050	0.43628162145614624
1051	0.4363408386707306
1052	0.4364454448223114
1053	0.4365118145942688
1054	0.43660688400268555
1055	0.43668484687805176
1056	0.4367122948169708
1057	0.4367222189903259
1058	0.436733603477478
1059	0.43678584694862366
1060	0.43681779503822327
1061	0.4368244707584381
1062	0.43702709674835205
1063	0.43705102801322937
1064	0.43756982684135437
1065	0.43772032856941223
1066	0.43774253129959106
1067	0.43784353137016296
1068	0.43785494565963745
1069	0.4380069673061371
1070	0.4380488693714142
1071	0.43825313448905945
1072	0.4383590817451477
1073	0.43839967250823975
1074	0.4385383129119873
1075	0.4386010766029358
1076	0.4386838972568512
1077	0.4387444257736206
1078	0.4390393793582916
1079	0.43906188011169434
1080	0.4393042325973511
1081	0.4393455684185028
1082	0.43957623839378357
1083	0.439855694770813
1084	0.43990302085876465
1085	0.44005459547042847
1086	0.4402502477169037
1087	0.4402717351913452
1088	0.44047680497169495
1089	0.44060635566711426
1090	0.44076550006866455
1091	0.4408506751060486
1092	0.4408920407295227
1093	0.4409499764442444
1094	0.44099485874176025
1095	0.4410853087902069
1096	0.44116470217704773
1097	0.4415084719657898
1098	0.441619336605072
1099	0.4416620433330536
1100	0.4416883587837219
1101	0.4417109787464142
1102	0.441788911819458
1103	0.4418284595012665
1104	0.4419195055961609
1105	0.4420108199119568
1106	0.442018061876297
1107	0.44203314185142517
1108	0.44206249713897705
1109	0.4426615238189697
1110	0.44279107451438904
1111	0.44279831647872925
1112	0.4428834319114685
1113	0.4431138038635254
1114	0.4431300461292267
1115	0.4431443214416504
1116	0.44323039054870605
1117	0.44337689876556396
1118	0.4434777498245239
1119	0.44354447722435
1120	0.44367825984954834
1121	0.4438299536705017
1122	0.44388532638549805
1123	0.4438948631286621
1124	0.4439115524291992
1125	0.44410941004753113
1126	0.4442272186279297
1127	0.4443169832229614
1128	0.444860577583313
1129	0.44489786028862
1130	0.44515135884284973
1131	0.4452512264251709
1132	0.4453902840614319
1133	0.44540920853614807
1134	0.4454291760921478
1135	0.4454844892024994
1136	0.4455224275588989
1137	0.4455350637435913
1138	0.44560176134109497
1139	0.4456121027469635
1140	0.4457516670227051
1141	0.44576865434646606
1142	0.4457941949367523
1143	0.445930153131485
1144	0.44595497846603394
1145	0.44601672887802124
1146	0.4460698962211609
1147	0.44620269536972046
1148	0.4463306963443756
1149	0.4464009404182434
1150	0.44657084345817566
1151	0.44661200046539307
1152	0.4466632008552551
1153	0.44670674204826355
1154	0.4467278718948364
1155	0.44681796431541443
1156	0.44688138365745544
1157	0.44691202044487
1158	0.44700777530670166
1159	0.4470446705818176
1160	0.4471241533756256
1161	0.4472101330757141
1162	0.44739237427711487
1163	0.4474082589149475
1164	0.4474180340766907
1165	0.4474272131919861
1166	0.4474693536758423
1167	0.4474789798259735
1168	0.44753363728523254
1169	0.4476081132888794
1170	0.4476633071899414
1171	0.447744756937027
1172	0.44782355427742004
1173	0.4478636384010315
1174	0.44791463017463684
1175	0.4481939375400543
1176	0.4482116997241974
1177	0.4482339322566986
1178	0.44825437664985657
1179	0.4482825994491577
1180	0.44852355122566223
1181	0.44860973954200745
1182	0.4486193060874939
1183	0.448650062084198
1184	0.44871217012405396
1185	0.4487995505332947
1186	0.44910046458244324
1187	0.449118971824646
1188	0.44922488927841187
1189	0.44924473762512207
1190	0.4493072032928467
1191	0.44934314489364624
1192	0.4494246244430542
1193	0.4495691955089569
1194	0.4496529996395111
1195	0.4496714174747467
1196	0.44968119263648987
1197	0.44972559809684753
1198	0.44975602626800537
1199	0.4498355984687805
1200	0.4498463571071625
1201	0.45002681016921997
1202	0.45004329085350037
1203	0.4501214921474457
1204	0.4502977430820465
1205	0.4504990577697754
1206	0.45056694746017456
1207	0.45065489411354065
1208	0.450680136680603
1209	0.45072808861732483
1210	0.4507893919944763
1211	0.45083075761795044
1212	0.4509298801422119
1213	0.4509887993335724
1214	0.45113232731819153
1215	0.45127907395362854
1216	0.45142611861228943
1217	0.4515453279018402
1218	0.4515894651412964
1219	0.45164182782173157
1220	0.4519285261631012
1221	0.4519490897655487
1222	0.4519859254360199
1223	0.4520675539970398
1224	0.4521569013595581
1225	0.45218709111213684
1226	0.4522155523300171
1227	0.45237621665000916
1228	0.4524395763874054
1229	0.45251187682151794
1230	0.45261886715888977
1231	0.45264631509780884
1232	0.45279982686042786
1233	0.45283639430999756
1234	0.45285317301750183
1235	0.45288124680519104
1236	0.452926903963089
1237	0.4529935419559479
1238	0.4530071020126343
1239	0.45346730947494507
1240	0.4534829556941986
1241	0.45353808999061584
1242	0.45361924171447754
1243	0.4536497890949249
1244	0.4536757469177246
1245	0.4537063241004944
1246	0.45376619696617126
1247	0.4538208544254303
1248	0.45382535457611084
1249	0.45384544134140015
1250	0.4549352526664734
1251	0.4552057981491089
1252	0.45522817969322205
1253	0.4552569091320038
1254	0.4552960693836212
1255	0.4553108811378479
1256	0.45531806349754333
1257	0.4553600251674652
1258	0.45540326833724976
1259	0.45549476146698
1260	0.4555256962776184
1261	0.45553678274154663
1262	0.45556744933128357
1263	0.4556453227996826
1264	0.45570114254951477
1265	0.45591026544570923
1266	0.45598891377449036
1267	0.4560578465461731
1268	0.4560757875442505
1269	0.45613062381744385
1270	0.45614174008369446
1271	0.4561662971973419
1272	0.45654019713401794
1273	0.45655694603919983
1274	0.4572318196296692
1275	0.45725148916244507
1276	0.45728468894958496
1277	0.4573465883731842
1278	0.4573773145675659
1279	0.4573887288570404
1280	0.4574262797832489
1281	0.4575415849685669
1282	0.45762234926223755
1283	0.45768213272094727
1284	0.45776745676994324
1285	0.4577915072441101
1286	0.4578233063220978
1287	0.4578377902507782
1288	0.45790547132492065
1289	0.45792055130004883
1290	0.45819664001464844
1291	0.4582034945487976
1292	0.4583313465118408
1293	0.4583657681941986
1294	0.45847469568252563
1295	0.4584987461566925
1296	0.45851457118988037
1297	0.45852020382881165
1298	0.45859163999557495
1299	0.45861849188804626
1300	0.4586583971977234
1301	0.4587118327617645
1302	0.4587372839450836
1303	0.4587727189064026
1304	0.45882320404052734
1305	0.4588741362094879
1306	0.45893195271492004
1307	0.4589397609233856
1308	0.4589838683605194
1309	0.4590589702129364
1310	0.4591827392578125
1311	0.45923706889152527
1312	0.45927223563194275
1313	0.4593108892440796
1314	0.45935556292533875
1315	0.45942139625549316
1316	0.4594619870185852
1317	0.4594704806804657
1318	0.4595116972923279
1319	0.45957687497138977
1320	0.45958632230758667
1321	0.45961639285087585
1322	0.4597185552120209
1323	0.4609961211681366
1324	0.46107473969459534
1325	0.4612746238708496
1326	0.4612938165664673
1327	0.4613152742385864
1328	0.46137410402297974
1329	0.4613957703113556
1330	0.46142318844795227
1331	0.46146664023399353
1332	0.4615130126476288
1333	0.4615619480609894
1334	0.4616086483001709
1335	0.4616438150405884
1336	0.4618377685546875
1337	0.46185705065727234
1338	0.46193569898605347
1339	0.4620252847671509
1340	0.4620822072029114
1341	0.46209633350372314
1342	0.4622069001197815
1343	0.4622447192668915
1344	0.46226224303245544
1345	0.46227219700813293
1346	0.4623538851737976
1347	0.46238917112350464
1348	0.46240273118019104
1349	0.4624616205692291
1350	0.46249133348464966
1351	0.4625236988067627
1352	0.4625653028488159
1353	0.46257904171943665
1354	0.4626029431819916
1355	0.4626089036464691
1356	0.46275562047958374
1357	0.4627673029899597
1358	0.46278077363967896
1359	0.46287423372268677
1360	0.46291637420654297
1361	0.46294042468070984
1362	0.46299242973327637
1363	0.4630395174026489
1364	0.4630590081214905
1365	0.46319496631622314
1366	0.4634294807910919
1367	0.4634579122066498
1368	0.46347665786743164
1369	0.46349403262138367
1370	0.4635705351829529
1371	0.46359381079673767
1372	0.46364825963974
1373	0.46368828415870667
1374	0.4637095034122467
1375	0.4637298583984375
1376	0.4637523889541626
1377	0.4637815058231354
1378	0.4638253450393677
1379	0.4638442099094391
1380	0.4638866186141968
1381	0.46389737725257874
1382	0.463910311460495
1383	0.46405506134033203
1384	0.46415820717811584
1385	0.4641913175582886
1386	0.46672487258911133
1387	0.46675628423690796
1388	0.46677979826927185
1389	0.46680644154548645
1390	0.46684131026268005
1391	0.46684375405311584
1392	0.4668833017349243
1393	0.4669550657272339
1394	0.46696409583091736
1395	0.46699100732803345
1396	0.4670555293560028
1397	0.46710118651390076
1398	0.4671207070350647
1399	0.46723446249961853
1400	0.46726465225219727
1401	0.46729037165641785
1402	0.4673112630844116
1403	0.4673648178577423
1404	0.46738725900650024
1405	0.4673994779586792
1406	0.4674151837825775
1407	0.4674553871154785
1408	0.46749016642570496
1409	0.4675639867782593
1410	0.46758922934532166
1411	0.46760764718055725
1412	0.4676450788974762
1413	0.4677368402481079
1414	0.46775054931640625
1415	0.4677969217300415
1416	0.4678390622138977
1417	0.46786463260650635
1418	0.46808862686157227
1419	0.46812704205513
1420	0.46813854575157166
1421	0.46818652749061584
1422	0.4682092070579529
1423	0.46822795271873474
1424	0.46823936700820923
1425	0.46832141280174255
1426	0.46834200620651245
1427	0.4683789312839508
1428	0.4684668183326721
1429	0.46851348876953125
1430	0.46853360533714294
1431	0.46855026483535767
1432	0.46856796741485596
1433	0.46858158707618713
1434	0.46860402822494507
1435	0.4686255156993866
1436	0.46863898634910583
1437	0.46867480874061584
1438	0.46870455145835876
1439	0.46950045228004456
1440	0.4695426821708679
1441	0.4696071147918701
1442	0.46961915493011475
1443	0.4696432948112488
1444	0.46964824199676514
1445	0.4696630537509918
1446	0.46968984603881836
1447	0.4697250723838806
1448	0.4697679579257965
1449	0.46988755464553833
1450	0.46991899609565735
1451	0.47003230452537537
1452	0.470047265291214
1453	0.4701628088951111
1454	0.47019055485725403
1455	0.4702308773994446
1456	0.47037753462791443
1457	0.4703861176967621
1458	0.47042426466941833
1459	0.47044211626052856
1460	0.4704890549182892
1461	0.470522403717041
1462	0.4705860912799835
1463	0.47061124444007874
1464	0.4706481099128723
1465	0.47066864371299744
1466	0.47072529792785645
1467	0.47086429595947266
1468	0.4708741307258606
1469	0.47093307971954346
1470	0.47096988558769226
1471	0.4710249900817871
1472	0.4710405170917511
1473	0.4711120128631592
1474	0.4711412489414215
1475	0.47114673256874084
1476	0.4711921215057373
1477	0.47122088074684143
1478	0.47126927971839905
1479	0.47133487462997437
1480	0.4713709354400635
1481	0.4713899791240692
1482	0.47151923179626465
1483	0.4715980887413025
1484	0.47162115573883057
1485	0.4716382920742035
1486	0.47168809175491333
1487	0.4716912508010864
1488	0.4717046618461609
1489	0.47172844409942627
1490	0.4717632830142975
1491	0.4717872738838196
1492	0.47181519865989685
1493	0.47186022996902466
1494	0.4719453752040863
1495	0.47196662425994873
1496	0.4722052812576294
1497	0.4722384810447693
1498	0.4722507894039154
1499	0.47234371304512024
1500	0.4724026024341583
1501	0.47264280915260315
1502	0.47272950410842896
1503	0.4727577567100525
1504	0.47276270389556885
1505	0.47282683849334717
1506	0.472870409488678
1507	0.4729156792163849
1508	0.4729299247264862
1509	0.4731418490409851
1510	0.4732014834880829
1511	0.47321680188179016
1512	0.47327721118927
1513	0.4734707176685333
1514	0.4735099673271179
1515	0.4735212028026581
1516	0.47353899478912354
1517	0.47359758615493774
1518	0.4736393094062805
1519	0.4737039804458618
1520	0.47386351227760315
1521	0.4738873243331909
1522	0.4739169478416443
1523	0.47409194707870483
1524	0.47421684861183167
1525	0.47425588965415955
1526	0.47427141666412354
1527	0.4743638038635254
1528	0.47438955307006836
1529	0.4744432866573334
1530	0.4745945334434509
1531	0.47461211681365967
1532	0.4749501347541809
1533	0.47503527998924255
1534	0.4750787913799286
1535	0.4750910997390747
1536	0.47512972354888916
1537	0.47513648867607117
1538	0.4752489924430847
1539	0.4753305912017822
1540	0.4754062592983246
1541	0.4755862057209015
1542	0.47564998269081116
1543	0.47569480538368225
1544	0.47572532296180725
1545	0.4757423400878906
1546	0.4758617579936981
1547	0.47599244117736816
1548	0.47602927684783936
1549	0.47612690925598145
1550	0.476235032081604
1551	0.47624439001083374
1552	0.4763556122779846
1553	0.47640514373779297
1554	0.4764154851436615
1555	0.476423054933548
1556	0.47645649313926697
1557	0.4764902591705322
1558	0.47649404406547546
1559	0.4765894114971161
1560	0.47661131620407104
1561	0.4766616225242615
1562	0.47675296664237976
1563	0.47701218724250793
1564	0.47708314657211304
1565	0.477272629737854
1566	0.477291077375412
1567	0.47735396027565
1568	0.47736918926239014
1569	0.477378785610199
1570	0.47763022780418396
1571	0.4777868092060089
1572	0.477828711271286
1573	0.4779353439807892
1574	0.4779472351074219
1575	0.47808557748794556
1576	0.47816795110702515
1577	0.4782939851284027
1578	0.478322833776474
1579	0.47835272550582886
1580	0.4783709645271301
1581	0.4784342050552368
1582	0.4786034822463989
1583	0.47864869236946106
1584	0.4786560833454132
1585	0.4787358343601227
1586	0.47875070571899414
1587	0.4788116216659546
1588	0.478983074426651
1589	0.47913122177124023
1590	0.4792264997959137
1591	0.4792829751968384
1592	0.47934141755104065
1593	0.47972601652145386
1594	0.4798240661621094
1595	0.47983428835868835
1596	0.4798455834388733
1597	0.47988519072532654
1598	0.47993770241737366
1599	0.479985773563385
1600	0.4801267087459564
1601	0.480206161737442
1602	0.4803761839866638
1603	0.4804322123527527
1604	0.48050549626350403
1605	0.48057568073272705
1606	0.48060235381126404
1607	0.48063158988952637
1608	0.48068585991859436
1609	0.48071110248565674
1610	0.48074671626091003
1611	0.48075008392333984
1612	0.48079660534858704
1613	0.4808010756969452
1614	0.48085230588912964
1615	0.48087337613105774
1616	0.48094016313552856
1617	0.48098716139793396
1618	0.4811963140964508
1619	0.48121604323387146
1620	0.48126599192619324
1621	0.4814610779285431
1622	0.4814969599246979
1623	0.4815176725387573
1624	0.48153093457221985
1625	0.4815552234649658
1626	0.4815720319747925
1627	0.4815778434276581
1628	0.48159468173980713
1629	0.4817369282245636
1630	0.481854110956192
1631	0.4818885326385498
1632	0.4820699691772461
1633	0.48210251331329346
1634	0.48210597038269043
1635	0.4821417033672333
1636	0.4822111427783966
1637	0.482302188873291
1638	0.4823255240917206
1639	0.4823359251022339
1640	0.482353538274765
1641	0.48236802220344543
1642	0.4824243485927582
1643	0.48246389627456665
1644	0.4824655055999756
1645	0.4824748933315277
1646	0.4824830889701843
1647	0.4825676381587982
1648	0.48258647322654724
1649	0.4826091229915619
1650	0.48279353976249695
1651	0.4828837215900421
1652	0.4829122722148895
1653	0.4830663502216339
1654	0.4831146001815796
1655	0.4831312298774719
1656	0.4832119643688202
1657	0.48323073983192444
1658	0.48324912786483765
1659	0.4832894504070282
1660	0.4833618700504303
1661	0.48346230387687683
1662	0.48357975482940674
1663	0.48359209299087524
1664	0.48363250494003296
1665	0.483649343252182
1666	0.48366308212280273
1667	0.4836883842945099
1668	0.4837280511856079
1669	0.4838082790374756
1670	0.48384153842926025
1671	0.4840591251850128
1672	0.4840807020664215
1673	0.4841199219226837
1674	0.484152615070343
1675	0.48416978120803833
1676	0.48424839973449707
1677	0.4842770993709564
1678	0.48428553342819214
1679	0.48429784178733826
1680	0.48466363549232483
1681	0.4846786558628082
1682	0.4847674071788788
1683	0.4847921133041382
1684	0.4848029315471649
1685	0.4853355884552002
1686	0.4853838384151459
1687	0.48541155457496643
1688	0.485527366399765
1689	0.4855363667011261
1690	0.4855557978153229
1691	0.4855772852897644
1692	0.48559314012527466
1693	0.48560595512390137
1694	0.4856323003768921
1695	0.4856986701488495
1696	0.4858046770095825
1697	0.4859299063682556
1698	0.4859860837459564
1699	0.48601651191711426
1700	0.48605892062187195
1701	0.4862751364707947
1702	0.4863215982913971
1703	0.48634135723114014
1704	0.4863545298576355
1705	0.4863840639591217
1706	0.48639538884162903
1707	0.4864619970321655
1708	0.48649972677230835
1709	0.4865150451660156
1710	0.48661160469055176
1711	0.4866504967212677
1712	0.4866677224636078
1713	0.4867241382598877
1714	0.48679354786872864
1715	0.486826628446579
1716	0.48695993423461914
1717	0.4869913160800934
1718	0.4870341718196869
1719	0.48709923028945923
1720	0.4871794581413269
1721	0.4872211813926697
1722	0.4873884916305542
1723	0.48747268319129944
1724	0.48748424649238586
1725	0.4874922037124634
1726	0.48753803968429565
1727	0.4875507652759552
1728	0.4876072108745575
1729	0.48769745230674744
1730	0.487895667552948
1731	0.48796817660331726
1732	0.4880645275115967
1733	0.4880809783935547
1734	0.48808732628822327
1735	0.48811042308807373
1736	0.48812317848205566
1737	0.48819223046302795
1738	0.4882458746433258
1739	0.4882546067237854
1740	0.48826950788497925
1741	0.48830050230026245
1742	0.488344669342041
1743	0.48837944865226746
1744	0.48840776085853577
1745	0.48842716217041016
1746	0.4884530305862427
1747	0.4885466396808624
1748	0.4885657727718353
1749	0.4886418879032135
1750	0.48869016766548157
1751	0.4887075424194336
1752	0.48877087235450745
1753	0.4887889623641968
1754	0.4888145625591278
1755	0.4890454113483429
1756	0.489102840423584
1757	0.4891180694103241
1758	0.48915210366249084
1759	0.4892350435256958
1760	0.48927608132362366
1761	0.4892962574958801
1762	0.48948994278907776
1763	0.4894927144050598
1764	0.489630788564682
1765	0.48966243863105774
1766	0.4897129237651825
1767	0.48976317048072815
1768	0.48983779549598694
1769	0.48986899852752686
1770	0.4899147152900696
1771	0.48999133706092834
1772	0.4900227189064026
1773	0.49006780982017517
1774	0.4900929629802704
1775	0.49013739824295044
1776	0.49026206135749817
1777	0.49032101035118103
1778	0.4903240501880646
1779	0.4903348684310913
1780	0.49034368991851807
1781	0.4903582036495209
1782	0.4903982877731323
1783	0.490485817193985
1784	0.4905116558074951
1785	0.4905318021774292
1786	0.4905615448951721
1787	0.4905809760093689
1788	0.4905998408794403
1789	0.49066102504730225
1790	0.4907090663909912
1791	0.49072501063346863
1792	0.49074554443359375
1793	0.49080443382263184
1794	0.4908137023448944
1795	0.4908364415168762
1796	0.49127501249313354
1797	0.4914931654930115
1798	0.49159038066864014
1799	0.49169912934303284
1800	0.4917173683643341
1801	0.49173274636268616
1802	0.49202948808670044
1803	0.49207091331481934
1804	0.4921613037586212
1805	0.4922144114971161
1806	0.4925045073032379
1807	0.4925524592399597
1808	0.4925801455974579
1809	0.49261996150016785
1810	0.4926552474498749
1811	0.49268341064453125
1812	0.492790162563324
1813	0.4928671717643738
1814	0.4928905665874481
1815	0.49292463064193726
1816	0.49295681715011597
1817	0.4930029511451721
1818	0.49306222796440125
1819	0.4930732846260071
1820	0.49317729473114014
1821	0.49327805638313293
1822	0.4933106005191803
1823	0.4934072196483612
1824	0.49344122409820557
1825	0.4935294985771179
1826	0.49367091059684753
1827	0.4938264787197113
1828	0.4938570559024811
1829	0.4938690960407257
1830	0.4939257502555847
1831	0.4939490556716919
1832	0.494057297706604
1833	0.494089275598526
1834	0.49413472414016724
1835	0.49415677785873413
1836	0.4942299723625183
1837	0.4943942725658417
1838	0.4944295883178711
1839	0.4944758713245392
1840	0.4945394694805145
1841	0.49454227089881897
1842	0.49454760551452637
1843	0.4945654571056366
1844	0.4946029782295227
1845	0.49463680386543274
1846	0.4947231709957123
1847	0.4948383867740631
1848	0.4948973059654236
1849	0.49497997760772705
1850	0.494987428188324
1851	0.49502044916152954
1852	0.4950205385684967
1853	0.4950478971004486
1854	0.4951866865158081
1855	0.4952072501182556
1856	0.495321124792099
1857	0.4953528344631195
1858	0.4954775273799896
1859	0.4954894185066223
1860	0.4955080449581146
1861	0.49557438492774963
1862	0.4956199824810028
1863	0.4956457316875458
1864	0.4956511855125427
1865	0.4957548677921295
1866	0.49582892656326294
1867	0.4960998594760895
1868	0.4961322247982025
1869	0.4961599111557007
1870	0.496243417263031
1871	0.4962635338306427
1872	0.4962891638278961
1873	0.49631500244140625
1874	0.4963553547859192
1875	0.4963809847831726
1876	0.49644535779953003
1877	0.49647367000579834
1878	0.49654608964920044
1879	0.4965801537036896
1880	0.4967002272605896
1881	0.4968087077140808
1882	0.4968555271625519
1883	0.4969639480113983
1884	0.4969944655895233
1885	0.49707743525505066
1886	0.4971091151237488
1887	0.49723362922668457
1888	0.49723848700523376
1889	0.49732914566993713
1890	0.4975994825363159
1891	0.4976399540901184
1892	0.49786898493766785
1893	0.4979303777217865
1894	0.49797147512435913
1895	0.49804699420928955
1896	0.49813395738601685
1897	0.4981825351715088
1898	0.4981898367404938
1899	0.4981989860534668
1900	0.49821025133132935
1901	0.49821799993515015
1902	0.49823108315467834
1903	0.49826541543006897
1904	0.49830472469329834
1905	0.49831509590148926
1906	0.4984191656112671
1907	0.49842938780784607
1908	0.4985179007053375
1909	0.4985644519329071
1910	0.49859610199928284
1911	0.4986099600791931
1912	0.4986337125301361
1913	0.4986603558063507
1914	0.49880877137184143
1915	0.49882423877716064
1916	0.4989185035228729
1917	0.4989471733570099
1918	0.4989542067050934
1919	0.49905815720558167
1920	0.4991285800933838
1921	0.49914008378982544
1922	0.49915656447410583
1923	0.49917981028556824
1924	0.49918824434280396
1925	0.49921661615371704
1926	0.4992562234401703
1927	0.4992732107639313
1928	0.4993583858013153
1929	0.4994004964828491
1930	0.49942490458488464
1931	0.49967503547668457
1932	0.4997122883796692
1933	0.4998764991760254
1934	0.4998820126056671
1935	0.4998985528945923
1936	0.49990314245224
1937	0.4999428987503052
1938	0.5000638365745544
1939	0.5000846982002258
1940	0.5000944137573242
1941	0.5001611113548279
1942	0.5003069043159485
1943	0.5003119111061096
1944	0.5003292560577393
1945	0.5004028081893921
1946	0.5004068613052368
1947	0.5006781220436096
1948	0.5006898045539856
1949	0.5006978511810303
1950	0.5007175803184509
1951	0.5008722543716431
1952	0.5009195804595947
1953	0.5010876655578613
1954	0.5011455416679382
1955	0.501265823841095
1956	0.5012808442115784
1957	0.501300573348999
1958	0.501396894454956
1959	0.5014688372612
1960	0.5015110373497009
1961	0.5016040802001953
1962	0.5017685890197754
1963	0.5019814968109131
1964	0.5020118355751038
1965	0.5021666884422302
1966	0.502190351486206
1967	0.5022212862968445
1968	0.5022416710853577
1969	0.5022744536399841
1970	0.5023219585418701
1971	0.5023449063301086
1972	0.5024250745773315
1973	0.502548098564148
1974	0.5026648640632629
1975	0.5028280019760132
1976	0.5028495788574219
1977	0.5028948783874512
1978	0.502942681312561
1979	0.502984344959259
1980	0.5030558705329895
1981	0.5031746625900269
1982	0.5031964182853699
1983	0.5032179951667786
1984	0.5032362341880798
1985	0.5032457709312439
1986	0.5033060312271118
1987	0.503308892250061
1988	0.5034058094024658
1989	0.5034463405609131
1990	0.5034828782081604
1991	0.5035259127616882
1992	0.5035910606384277
1993	0.5036205649375916
1994	0.503626823425293
1995	0.5036382675170898
1996	0.5037304759025574
1997	0.5038617253303528
1998	0.5038829445838928
1999	0.5038874745368958
2000	0.5039198994636536
2001	0.5041093826293945
2002	0.5041228532791138
2003	0.5042224526405334
2004	0.50424724817276
2005	0.5043070912361145
2006	0.5044330954551697
2007	0.5044726133346558
2008	0.5045341849327087
2009	0.5045531392097473
2010	0.5046214461326599
2011	0.5046541094779968
2012	0.50468909740448
2013	0.5047423839569092
2014	0.504765510559082
2015	0.5047868490219116
2016	0.504824161529541
2017	0.5049842000007629
2018	0.5050914883613586
2019	0.5051000714302063
2020	0.5051129460334778
2021	0.5051240921020508
2022	0.5052273869514465
2023	0.505266547203064
2024	0.5052846670150757
2025	0.5052953958511353
2026	0.5053338408470154
2027	0.5053429007530212
2028	0.5055074095726013
2029	0.5055161714553833
2030	0.5055518746376038
2031	0.5058068633079529
2032	0.505835771560669
2033	0.5058531165122986
2034	0.5058670043945312
2035	0.5058941841125488
2036	0.5059177875518799
2037	0.5059670209884644
2038	0.5059938430786133
2039	0.5060961842536926
2040	0.5061500668525696
2041	0.5061770081520081
2042	0.5062228441238403
2043	0.506243884563446
2044	0.506274938583374
2045	0.5063141584396362
2046	0.5063272714614868
2047	0.5065405368804932
2048	0.5065997838973999
2049	0.506660521030426
2050	0.5067554712295532
2051	0.5067992806434631
2052	0.5068419575691223
2053	0.5069029331207275
2054	0.5070205330848694
2055	0.5071184635162354
2056	0.5071563124656677
2057	0.5071761012077332
2058	0.5072044730186462
2059	0.5072779059410095
2060	0.5072876811027527
2061	0.5073673129081726
2062	0.5073736906051636
2063	0.5074226260185242
2064	0.5074820518493652
2065	0.5074998140335083
2066	0.5075227618217468
2067	0.5075458884239197
2068	0.507563591003418
2069	0.507605254650116
2070	0.5076271891593933
2071	0.5077266097068787
2072	0.5078139901161194
2073	0.5078257918357849
2074	0.5078495740890503
2075	0.5080732107162476
2076	0.5081115961074829
2077	0.5081235766410828
2078	0.5081260204315186
2079	0.5081597566604614
2080	0.5082305073738098
2081	0.5084034204483032
2082	0.5084455609321594
2083	0.5085323452949524
2084	0.5085600018501282
2085	0.5085792541503906
2086	0.5086003541946411
2087	0.5087988376617432
2088	0.508888840675354
2089	0.5089101791381836
2090	0.5089468955993652
2091	0.509041428565979
2092	0.5090659856796265
2093	0.5091434717178345
2094	0.5091661214828491
2095	0.5092179775238037
2096	0.5092583894729614
2097	0.5093481540679932
2098	0.5097684860229492
2099	0.5097832083702087
2100	0.5098200440406799
2101	0.5098249316215515
2102	0.5098292231559753
2103	0.5098426342010498
2104	0.509884774684906
2105	0.5099387764930725
2106	0.509953498840332
2107	0.5099737048149109
2108	0.5100361108779907
2109	0.5100839734077454
2110	0.5100863575935364
2111	0.5101653933525085
2112	0.510233998298645
2113	0.5102568864822388
2114	0.5103095173835754
2115	0.5103697180747986
2116	0.5103988647460938
2117	0.5104453563690186
2118	0.5107362270355225
2119	0.5108059048652649
2120	0.510958731174469
2121	0.5109646916389465
2122	0.5111368298530579
2123	0.5112250447273254
2124	0.5113214254379272
2125	0.51134192943573
2126	0.5113586783409119
2127	0.511413037776947
2128	0.5114275217056274
2129	0.5114364624023438
2130	0.5114798545837402
2131	0.5116637349128723
2132	0.5116909146308899
2133	0.5118116140365601
2134	0.5118836760520935
2135	0.5118842124938965
2136	0.5120511054992676
2137	0.5120993852615356
2138	0.5121581554412842
2139	0.5121759176254272
2140	0.5121859312057495
2141	0.5122072696685791
2142	0.512273371219635
2143	0.5124714970588684
2144	0.512514591217041
2145	0.512540876865387
2146	0.512728214263916
2147	0.5127326250076294
2148	0.5127420425415039
2149	0.5127808451652527
2150	0.512800931930542
2151	0.5128086805343628
2152	0.5128297805786133
2153	0.5128892064094543
2154	0.5129168033599854
2155	0.5129289031028748
2156	0.5129513144493103
2157	0.5130594372749329
2158	0.5131240487098694
2159	0.5131816267967224
2160	0.5131980180740356
2161	0.5132360458374023
2162	0.5133387446403503
2163	0.5135532021522522
2164	0.5135730504989624
2165	0.5136334300041199
2166	0.5139575004577637
2167	0.5139807462692261
2168	0.514030933380127
2169	0.5141984820365906
2170	0.5142245888710022
2171	0.5142911672592163
2172	0.5143076777458191
2173	0.5143547654151917
2174	0.5143724083900452
2175	0.5143920183181763
2176	0.514437735080719
2177	0.5145396590232849
2178	0.5145887732505798
2179	0.51459801197052
2180	0.5146775245666504
2181	0.5147795081138611
2182	0.5148358941078186
2183	0.5149024128913879
2184	0.5149573683738708
2185	0.515360951423645
2186	0.5153982639312744
2187	0.5154144167900085
2188	0.5154475569725037
2189	0.5154978036880493
2190	0.5155226588249207
2191	0.5155292749404907
2192	0.5155613422393799
2193	0.5155842304229736
2194	0.5158023834228516
2195	0.5158702731132507
2196	0.51588374376297
2197	0.5159838199615479
2198	0.516004204750061
2199	0.5160178542137146
2200	0.5160341262817383
2201	0.5161132216453552
2202	0.5161888003349304
2203	0.5162038803100586
2204	0.5162109136581421
2205	0.5164780020713806
2206	0.5165322422981262
2207	0.5165939331054688
2208	0.5166064500808716
2209	0.5166528224945068
2210	0.5168814063072205
2211	0.5168890953063965
2212	0.5169001221656799
2213	0.5170319080352783
2214	0.5171709060668945
2215	0.5171905755996704
2216	0.5172433257102966
2217	0.5172585844993591
2218	0.5172780752182007
2219	0.5173641443252563
2220	0.5174070596694946
2221	0.5174530744552612
2222	0.517510175704956
2223	0.5175275206565857
2224	0.5175461769104004
2225	0.517550528049469
2226	0.5175964832305908
2227	0.5176061391830444
2228	0.5176234841346741
2229	0.5176709294319153
2230	0.5177016258239746
2231	0.5177271962165833
2232	0.5177769660949707
2233	0.5178654193878174
2234	0.5179300904273987
2235	0.5181375741958618
2236	0.5182912349700928
2237	0.5183274745941162
2238	0.5183472633361816
2239	0.5183723568916321
2240	0.5184416174888611
2241	0.518463671207428
2242	0.5184834003448486
2243	0.5184842944145203
2244	0.5185254216194153
2245	0.5185452699661255
2246	0.5185619592666626
2247	0.5186181664466858
2248	0.5186580419540405
2249	0.518684983253479
2250	0.518702507019043
2251	0.5188940167427063
2252	0.5189621448516846
2253	0.5190479755401611
2254	0.5190609097480774
2255	0.5191141963005066
2256	0.5191829800605774
2257	0.5192088484764099
2258	0.5193853378295898
2259	0.519713819026947
2260	0.5198422074317932
2261	0.5198701024055481
2262	0.5199049711227417
2263	0.5199334025382996
2264	0.5200299620628357
2265	0.5200751423835754
2266	0.520119845867157
2267	0.5202452540397644
2268	0.5204163789749146
2269	0.5204697847366333
2270	0.5204734206199646
2271	0.5205044150352478
2272	0.5205094814300537
2273	0.5205234885215759
2274	0.5205748081207275
2275	0.5206331014633179
2276	0.5206528902053833
2277	0.5206916928291321
2278	0.5208408236503601
2279	0.520866334438324
2280	0.5208908319473267
2281	0.5209354162216187
2282	0.5210715532302856
2283	0.5210837721824646
2284	0.5211086273193359
2285	0.521163821220398
2286	0.5211963653564453
2287	0.5212276577949524
2288	0.5214149355888367
2289	0.5214465856552124
2290	0.5214743614196777
2291	0.5215975046157837
2292	0.5216115713119507
2293	0.5216507911682129
2294	0.5217498540878296
2295	0.5218614935874939
2296	0.5219184160232544
2297	0.5219710469245911
2298	0.5220080614089966
2299	0.5220230221748352
2300	0.5221434235572815
2301	0.5221818089485168
2302	0.5222510099411011
2303	0.5222907662391663
2304	0.5223507285118103
2305	0.5224472880363464
2306	0.5224534273147583
2307	0.5224710702896118
2308	0.5225124955177307
2309	0.5225338339805603
2310	0.52256178855896
2311	0.5226267576217651
2312	0.5228384733200073
2313	0.5229926109313965
2314	0.5230289697647095
2315	0.5230557322502136
2316	0.5230749845504761
2317	0.5231451988220215
2318	0.5231655836105347
2319	0.5231733322143555
2320	0.5232738852500916
2321	0.5232808589935303
2322	0.5232856273651123
2323	0.5233543515205383
2324	0.5234418511390686
2325	0.5234981179237366
2326	0.523672342300415
2327	0.5237082839012146
2328	0.5237253308296204
2329	0.5237744450569153
2330	0.5238795876502991
2331	0.5238900184631348
2332	0.5238999724388123
2333	0.5239334106445312
2334	0.5239683985710144
2335	0.5239834189414978
2336	0.5240903496742249
2337	0.5241626501083374
2338	0.5242403745651245
2339	0.5243125557899475
2340	0.5243666768074036
2341	0.5244930386543274
2342	0.5245165228843689
2343	0.5245839953422546
2344	0.5246924161911011
2345	0.5248478651046753
2346	0.5248625874519348
2347	0.5248836874961853
2348	0.5249459147453308
2349	0.5249971747398376
2350	0.5250986218452454
2351	0.5251261591911316
2352	0.5251421332359314
2353	0.5251474976539612
2354	0.5251716375350952
2355	0.5251864790916443
2356	0.5252469182014465
2357	0.5252820253372192
2358	0.5252953767776489
2359	0.5253472924232483
2360	0.5253970623016357
2361	0.5254114270210266
2362	0.5254846215248108
2363	0.5255038142204285
2364	0.5255303382873535
2365	0.5255786180496216
2366	0.5256210565567017
2367	0.5257149338722229
2368	0.5257638096809387
2369	0.5258938074111938
2370	0.5259309411048889
2371	0.5259734392166138
2372	0.5260225534439087
2373	0.526033878326416
2374	0.5260952711105347
2375	0.5261055827140808
2376	0.5261282920837402
2377	0.5261934995651245
2378	0.5262157320976257
2379	0.5262348651885986
2380	0.5262458324432373
2381	0.526277482509613
2382	0.5263582468032837
2383	0.526526689529419
2384	0.5267162919044495
2385	0.5267850160598755
2386	0.5268166661262512
2387	0.5269585251808167
2388	0.5270446538925171
2389	0.5270649194717407
2390	0.5271820425987244
2391	0.5272185206413269
2392	0.5272471308708191
2393	0.527358889579773
2394	0.5273683071136475
2395	0.5274175405502319
2396	0.5275270938873291
2397	0.5275614857673645
2398	0.5276059508323669
2399	0.5276336669921875
2400	0.5276495218276978
2401	0.5276599526405334
2402	0.5277421474456787
2403	0.5277518033981323
2404	0.5278133749961853
2405	0.5278228521347046
2406	0.5279008150100708
2407	0.5279324650764465
2408	0.5279868245124817
2409	0.5281298756599426
2410	0.5281535983085632
2411	0.5281577110290527
2412	0.5281828045845032
2413	0.5282002687454224
2414	0.5282111167907715
2415	0.5282201766967773
2416	0.5282437205314636
2417	0.5283569097518921
2418	0.5283902883529663
2419	0.5284144878387451
2420	0.528675377368927
2421	0.5287076234817505
2422	0.5288291573524475
2423	0.5288392305374146
2424	0.5288984179496765
2425	0.5289164185523987
2426	0.5295950174331665
2427	0.5296300053596497
2428	0.5296587347984314
2429	0.5297150611877441
2430	0.5297385454177856
2431	0.5297456979751587
2432	0.5298702716827393
2433	0.5300514101982117
2434	0.5300660133361816
2435	0.5300822854042053
2436	0.5301334261894226
2437	0.5301429033279419
2438	0.5301540493965149
2439	0.5301964282989502
2440	0.5302218794822693
2441	0.5302428603172302
2442	0.5302711725234985
2443	0.5303017497062683
2444	0.5303551554679871
2445	0.5304443836212158
2446	0.5304941534996033
2447	0.5305081009864807
2448	0.530522882938385
2449	0.5305649638175964
2450	0.5305836200714111
2451	0.5306425094604492
2452	0.5306892991065979
2453	0.5307165384292603
2454	0.5308823585510254
2455	0.5309261679649353
2456	0.5309562087059021
2457	0.5309739112854004
2458	0.5309805274009705
2459	0.5309839844703674
2460	0.5309890508651733
2461	0.5311413407325745
2462	0.5311725735664368
2463	0.5311996936798096
2464	0.5312384963035583
2465	0.5315218567848206
2466	0.5316142439842224
2467	0.5317046046257019
2468	0.5317251086235046
2469	0.5318295955657959
2470	0.5319081544876099
2471	0.5319349765777588
2472	0.5319538116455078
2473	0.5319774746894836
2474	0.5319997072219849
2475	0.5321372747421265
2476	0.5321546792984009
2477	0.5322797894477844
2478	0.5323019623756409
2479	0.5323094129562378
2480	0.5323196649551392
2481	0.5323341488838196
2482	0.5323950052261353
2483	0.5324193239212036
2484	0.5325703024864197
2485	0.5326464772224426
2486	0.5327619910240173
2487	0.5329096913337708
2488	0.5329127907752991
2489	0.5331339240074158
2490	0.5331516265869141
2491	0.533169686794281
2492	0.5331847071647644
2493	0.5331985950469971
2494	0.5332555174827576
2495	0.533314049243927
2496	0.533369779586792
2497	0.5334544777870178
2498	0.5334832072257996
2499	0.5335585474967957
2500	0.5335814952850342
2501	0.5336721539497375
2502	0.5336875319480896
2503	0.5337916016578674
2504	0.5338637828826904
2505	0.5339443683624268
2506	0.5340767502784729
2507	0.5340920686721802
2508	0.5341840386390686
2509	0.5342158079147339
2510	0.534304678440094
2511	0.5343343019485474
2512	0.5344218015670776
2513	0.5344848036766052
2514	0.5344980359077454
2515	0.5345593094825745
2516	0.534744381904602
2517	0.5348179340362549
2518	0.5348241925239563
2519	0.5349603295326233
2520	0.5350062847137451
2521	0.5350118279457092
2522	0.5350278615951538
2523	0.5350493788719177
2524	0.5350819230079651
2525	0.5351122617721558
2526	0.5351455211639404
2527	0.5352068543434143
2528	0.5354540348052979
2529	0.5354812145233154
2530	0.5355468392372131
2531	0.5357301831245422
2532	0.5358119010925293
2533	0.5358524918556213
2534	0.5364164710044861
2535	0.5364677309989929
2536	0.5366088151931763
2537	0.536613941192627
2538	0.5367063879966736
2539	0.5367343425750732
2540	0.5368845462799072
2541	0.5368859767913818
2542	0.5369043350219727
2543	0.5369869470596313
2544	0.5370483994483948
2545	0.5370555520057678
2546	0.5371308326721191
2547	0.5371677279472351
2548	0.5371729731559753
2549	0.5373297929763794
2550	0.5373364686965942
2551	0.5373432636260986
2552	0.5374522805213928
2553	0.5377219319343567
2554	0.5377600193023682
2555	0.5377728343009949
2556	0.5378080010414124
2557	0.5378223061561584
2558	0.5379236340522766
2559	0.5380164384841919
2560	0.5381603240966797
2561	0.5381923913955688
2562	0.5382503867149353
2563	0.5383027195930481
2564	0.5383344888687134
2565	0.5383894443511963
2566	0.5384085774421692
2567	0.5392326712608337
2568	0.5392922759056091
2569	0.5393056869506836
2570	0.539391040802002
2571	0.5394023060798645
2572	0.539429783821106
2573	0.5395208597183228
2574	0.5395429730415344
2575	0.5396406054496765
2576	0.5396435260772705
2577	0.5396697521209717
2578	0.5397196412086487
2579	0.5397337079048157
2580	0.5397462248802185
2581	0.5398651361465454
2582	0.5399039387702942
2583	0.5400075912475586
2584	0.5401149392127991
2585	0.5401244759559631
2586	0.5401329398155212
2587	0.5402361750602722
2588	0.5402799844741821
2589	0.5403887033462524
2590	0.5404147505760193
2591	0.5405363440513611
2592	0.540560781955719
2593	0.5406064391136169
2594	0.5406774878501892
2595	0.5407099723815918
2596	0.5407432913780212
2597	0.5407584309577942
2598	0.5407996773719788
2599	0.5409143567085266
2600	0.5411643981933594
2601	0.5411787033081055
2602	0.5411863923072815
2603	0.5412116646766663
2604	0.5412570238113403
2605	0.5413020849227905
2606	0.5413110852241516
2607	0.5413268804550171
2608	0.5413315892219543
2609	0.5413523316383362
2610	0.5414475202560425
2611	0.5415132641792297
2612	0.5415194034576416
2613	0.5415230393409729
2614	0.5415247082710266
2615	0.5415438413619995
2616	0.5416367053985596
2617	0.5416455864906311
2618	0.5416669249534607
2619	0.5418306589126587
2620	0.5419014692306519
2621	0.5419609546661377
2622	0.5420406460762024
2623	0.5420495867729187
2624	0.5420593619346619
2625	0.5421484708786011
2626	0.5421578884124756
2627	0.5422692894935608
2628	0.5423023104667664
2629	0.5423547625541687
2630	0.5423840880393982
2631	0.5425095558166504
2632	0.5425357818603516
2633	0.5425490736961365
2634	0.5425926446914673
2635	0.5426480174064636
2636	0.5428544282913208
2637	0.5429775714874268
2638	0.5430680513381958
2639	0.5431072115898132
2640	0.5431304574012756
2641	0.5431850552558899
2642	0.5433441400527954
2643	0.543429434299469
2644	0.5434360504150391
2645	0.5435497164726257
2646	0.5436433553695679
2647	0.5436878204345703
2648	0.5436971187591553
2649	0.5437081456184387
2650	0.5437187552452087
2651	0.5437394380569458
2652	0.5437865257263184
2653	0.5439799427986145
2654	0.5440153479576111
2655	0.5441819429397583
2656	0.544198215007782
2657	0.5442510843276978
2658	0.5442894101142883
2659	0.544303834438324
2660	0.5443269610404968
2661	0.5443708300590515
2662	0.5443832278251648
2663	0.5443975925445557
2664	0.5444163680076599
2665	0.5445732474327087
2666	0.5446868538856506
2667	0.544733464717865
2668	0.5447524189949036
2669	0.5447843670845032
2670	0.5447913408279419
2671	0.5448184013366699
2672	0.5448346734046936
2673	0.544883668422699
2674	0.5449356436729431
2675	0.5449609756469727
2676	0.5450345873832703
2677	0.5450708270072937
2678	0.5450820326805115
2679	0.5451169610023499
2680	0.5451199412345886
2681	0.5451569557189941
2682	0.5452325940132141
2683	0.5452446937561035
2684	0.5452777743339539
2685	0.5453166961669922
2686	0.5453338623046875
2687	0.5454021096229553
2688	0.5455297231674194
2689	0.54564368724823
2690	0.5456722378730774
2691	0.5457189083099365
2692	0.5458173751831055
2693	0.5458419322967529
2694	0.5458617806434631
2695	0.5459383726119995
2696	0.5460737943649292
2697	0.5461140871047974
2698	0.5463154315948486
2699	0.5463615655899048
2700	0.5464015603065491
2701	0.5464516282081604
2702	0.5464644432067871
2703	0.5465746521949768
2704	0.5466410517692566
2705	0.5466970205307007
2706	0.5467482805252075
2707	0.5468282699584961
2708	0.5468395948410034
2709	0.5468786954879761
2710	0.5468869805335999
2711	0.5468932390213013
2712	0.5470243096351624
2713	0.5470773577690125
2714	0.5470826625823975
2715	0.5470990538597107
2716	0.5471400618553162
2717	0.5471727252006531
2718	0.5472155809402466
2719	0.5472393035888672
2720	0.5472662448883057
2721	0.5473001599311829
2722	0.547386646270752
2723	0.5475142598152161
2724	0.5475444197654724
2725	0.5476356148719788
2726	0.5476714372634888
2727	0.5477038621902466
2728	0.5477523803710938
2729	0.5477963089942932
2730	0.5479265451431274
2731	0.5479864478111267
2732	0.5480117201805115
2733	0.5480521321296692
2734	0.5481076240539551
2735	0.5481266975402832
2736	0.5481921434402466
2737	0.548211395740509
2738	0.5482307076454163
2739	0.5483091473579407
2740	0.5483204126358032
2741	0.5483800172805786
2742	0.5484417080879211
2743	0.5484636425971985
2744	0.5486833453178406
2745	0.5487245917320251
2746	0.5487532019615173
2747	0.5488097667694092
2748	0.5488746762275696
2749	0.5488967299461365
2750	0.5489649176597595
2751	0.5489786863327026
2752	0.5490341186523438
2753	0.5490682125091553
2754	0.5492708683013916
2755	0.5492862462997437
2756	0.5493497848510742
2757	0.5493876338005066
2758	0.5494270920753479
2759	0.5494443774223328
2760	0.5494973063468933
2761	0.5495384931564331
2762	0.5496044754981995
2763	0.5496733784675598
2764	0.5497961044311523
2765	0.5498211979866028
2766	0.5498833060264587
2767	0.5499239563941956
2768	0.5499651432037354
2769	0.5499947667121887
2770	0.5500209331512451
2771	0.5500652194023132
2772	0.5501172542572021
2773	0.5503629446029663
2774	0.5504265427589417
2775	0.5504364967346191
2776	0.5504587292671204
2777	0.550475001335144
2778	0.5506712794303894
2779	0.5507062077522278
2780	0.5507373809814453
2781	0.5507826805114746
2782	0.5508856177330017
2783	0.5508931279182434
2784	0.5509069561958313
2785	0.5509330034255981
2786	0.5510518550872803
2787	0.5510814189910889
2788	0.5512613654136658
2789	0.5514520406723022
2790	0.5514969825744629
2791	0.5515101552009583
2792	0.5515483021736145
2793	0.5516256093978882
2794	0.551677942276001
2795	0.5517901182174683
2796	0.5518836975097656
2797	0.551896333694458
2798	0.552003800868988
2799	0.5520297288894653
2800	0.5520904064178467
2801	0.552096962928772
2802	0.5521544218063354
2803	0.5522704124450684
2804	0.552291214466095
2805	0.5522937774658203
2806	0.5523284673690796
2807	0.5523635149002075
2808	0.5523726940155029
2809	0.5523955821990967
2810	0.5524545907974243
2811	0.5526489615440369
2812	0.5527406334877014
2813	0.5527888536453247
2814	0.552834689617157
2815	0.5528741478919983
2816	0.5529342889785767
2817	0.5529471635818481
2818	0.5530507564544678
2819	0.5530931949615479
2820	0.5531558990478516
2821	0.5531613230705261
2822	0.5532113909721375
2823	0.5532369613647461
2824	0.5532488822937012
2825	0.5534060001373291
2826	0.5534576177597046
2827	0.5534706115722656
2828	0.5534893274307251
2829	0.5535082221031189
2830	0.5535896420478821
2831	0.5536526441574097
2832	0.5537182092666626
2833	0.5537297129631042
2834	0.5537796020507812
2835	0.5539396405220032
2836	0.5539765954017639
2837	0.5540635585784912
2838	0.5542293787002563
2839	0.5543126463890076
2840	0.5544547438621521
2841	0.554527759552002
2842	0.5545412302017212
2843	0.5545889139175415
2844	0.5546922087669373
2845	0.5547366738319397
2846	0.5547617077827454
2847	0.5547683238983154
2848	0.5549392104148865
2849	0.5549651980400085
2850	0.5549861788749695
2851	0.5550506114959717
2852	0.5550662279129028
2853	0.5551365613937378
2854	0.5551455020904541
2855	0.5552181601524353
2856	0.5553853511810303
2857	0.5554700493812561
2858	0.5555074214935303
2859	0.5555360913276672
2860	0.5555631518363953
2861	0.555895209312439
2862	0.5559640526771545
2863	0.5560488700866699
2864	0.5560662150382996
2865	0.5560814738273621
2866	0.5561200380325317
2867	0.5561676025390625
2868	0.5562174916267395
2869	0.5562769770622253
2870	0.5562964081764221
2871	0.5563386678695679
2872	0.5564002990722656
2873	0.5564837455749512
2874	0.5564892888069153
2875	0.5565727353096008
2876	0.5567466020584106
2877	0.5567798018455505
2878	0.5568376183509827
2879	0.5569409728050232
2880	0.5569835901260376
2881	0.557054877281189
2882	0.5571585893630981
2883	0.5575024485588074
2884	0.557603120803833
2885	0.5576812028884888
2886	0.5580065250396729
2887	0.5580129027366638
2888	0.5580726861953735
2889	0.5581322312355042
2890	0.5581680536270142
2891	0.5581986308097839
2892	0.5582493543624878
2893	0.5586377382278442
2894	0.5586774945259094
2895	0.5588424205780029
2896	0.5590178966522217
2897	0.559129536151886
2898	0.5592357516288757
2899	0.559253990650177
2900	0.5593490600585938
2901	0.5593506097793579
2902	0.5593833327293396
2903	0.5594068169593811
2904	0.5594123005867004
2905	0.5595194697380066
2906	0.5595319867134094
2907	0.5596006512641907
2908	0.5596516132354736
2909	0.5596906542778015
2910	0.559762716293335
2911	0.5597878694534302
2912	0.5598660111427307
2913	0.559933602809906
2914	0.5599539279937744
2915	0.5599620938301086
2916	0.560061514377594
2917	0.5601226687431335
2918	0.5602254271507263
2919	0.5602550506591797
2920	0.5602782964706421
2921	0.5602997541427612
2922	0.5603012442588806
2923	0.5603474974632263
2924	0.5603708624839783
2925	0.5604257583618164
2926	0.5604498386383057
2927	0.5604694485664368
2928	0.5605400204658508
2929	0.5605681538581848
2930	0.5606580376625061
2931	0.5607359409332275
2932	0.5607652068138123
2933	0.5607775449752808
2934	0.5608229041099548
2935	0.5610863566398621
2936	0.5611328482627869
2937	0.5611634850502014
2938	0.5612387657165527
2939	0.561284065246582
2940	0.5614868402481079
2941	0.5615152716636658
2942	0.5616215467453003
2943	0.5616543889045715
2944	0.5616639852523804
2945	0.5616727471351624
2946	0.5616803765296936
2947	0.5617326498031616
2948	0.5617496371269226
2949	0.561779260635376
2950	0.5617796778678894
2951	0.5618111491203308
2952	0.5618372559547424
2953	0.5618957877159119
2954	0.561943769454956
2955	0.561985194683075
2956	0.5621488094329834
2957	0.5621907711029053
2958	0.5622426271438599
2959	0.562330424785614
2960	0.5623613595962524
2961	0.5623741745948792
2962	0.5624712109565735
2963	0.5625064373016357
2964	0.5625457167625427
2965	0.562575101852417
2966	0.5625931620597839
2967	0.5626192688941956
2968	0.5626410245895386
2969	0.5626747012138367
2970	0.562706708908081
2971	0.5627140998840332
2972	0.5627873539924622
2973	0.5629165172576904
2974	0.5629353523254395
2975	0.562971293926239
2976	0.5629826784133911
2977	0.5630160570144653
2978	0.5631054043769836
2979	0.5632667541503906
2980	0.5633037686347961
2981	0.5633283257484436
2982	0.563417375087738
2983	0.563440203666687
2984	0.5634487271308899
2985	0.5635150671005249
2986	0.5635400414466858
2987	0.563545823097229
2988	0.5637313723564148
2989	0.5637955665588379
2990	0.5638863444328308
2991	0.5640011429786682
2992	0.564014196395874
2993	0.5640549659729004
2994	0.5640615820884705
2995	0.5641038417816162
2996	0.5641605854034424
2997	0.5642589330673218
2998	0.5642894506454468
2999	0.5643537640571594
3000	0.5643581748008728
3001	0.5644049048423767
3002	0.5645628571510315
3003	0.5646625757217407
3004	0.5646690726280212
3005	0.5647023916244507
3006	0.564782440662384
3007	0.5648251175880432
3008	0.5648789405822754
3009	0.5649284720420837
3010	0.5649479031562805
3011	0.5650615096092224
3012	0.5651159286499023
3013	0.5652747750282288
3014	0.5653315782546997
3015	0.5653830170631409
3016	0.565494954586029
3017	0.565612256526947
3018	0.565763533115387
3019	0.5657668709754944
3020	0.5658348202705383
3021	0.5659068822860718
3022	0.5659735798835754
3023	0.5659765005111694
3024	0.56605464220047
3025	0.5662375092506409
3026	0.5663484930992126
3027	0.5663938522338867
3028	0.5664330124855042
3029	0.5664856433868408
3030	0.5664942264556885
3031	0.5666271448135376
3032	0.5666850209236145
3033	0.5666981339454651
3034	0.5668859481811523
3035	0.5669030547142029
3036	0.5669898390769958
3037	0.5670302510261536
3038	0.5670708417892456
3039	0.5671369433403015
3040	0.5671884417533875
3041	0.5672231912612915
3042	0.5672346949577332
3043	0.5673115253448486
3044	0.5674710869789124
3045	0.5675007700920105
3046	0.5675532817840576
3047	0.5675749778747559
3048	0.5676154494285583
3049	0.5676828026771545
3050	0.5677341222763062
3051	0.5677802562713623
3052	0.5678262114524841
3053	0.5680021047592163
3054	0.5680434107780457
3055	0.568237841129303
3056	0.5683258771896362
3057	0.568356990814209
3058	0.5683905482292175
3059	0.5683984756469727
3060	0.5684479475021362
3061	0.5685338973999023
3062	0.5685806274414062
3063	0.568638026714325
3064	0.5686591267585754
3065	0.568674623966217
3066	0.5686948895454407
3067	0.5687671899795532
3068	0.568790078163147
3069	0.5688090920448303
3070	0.5688485503196716
3071	0.5688576102256775
3072	0.5689104199409485
3073	0.5689181685447693
3074	0.5689355134963989
3075	0.5690438151359558
3076	0.5691988468170166
3077	0.5692055821418762
3078	0.5692434310913086
3079	0.569385290145874
3080	0.5694195032119751
3081	0.5694401860237122
3082	0.5695986747741699
3083	0.5696187615394592
3084	0.5696644186973572
3085	0.5696900486946106
3086	0.5697187781333923
3087	0.5697532296180725
3088	0.569966197013855
3089	0.5699834227561951
3090	0.5700216889381409
3091	0.5700265169143677
3092	0.5700714588165283
3093	0.5701385736465454
3094	0.5701910257339478
3095	0.5702322125434875
3096	0.5703075528144836
3097	0.5703820586204529
3098	0.570423424243927
3099	0.5704323649406433
3100	0.5705857276916504
3101	0.5707115530967712
3102	0.5707818269729614
3103	0.5708434581756592
3104	0.5708779096603394
3105	0.5708909630775452
3106	0.5709244608879089
3107	0.5709407329559326
3108	0.5709545016288757
3109	0.5709834694862366
3110	0.5710048675537109
3111	0.571057915687561
3112	0.5710896253585815
3113	0.5711307525634766
3114	0.5711622834205627
3115	0.5712096691131592
3116	0.5712500214576721
3117	0.5712630152702332
3118	0.5712875127792358
3119	0.5712919235229492
3120	0.5713436007499695
3121	0.5713598728179932
3122	0.5715072154998779
3123	0.5715110301971436
3124	0.571537971496582
3125	0.5715658068656921
3126	0.5715922713279724
3127	0.5715945363044739
3128	0.5716388821601868
3129	0.57172030210495
3130	0.5717682242393494
3131	0.571835994720459
3132	0.5718780159950256
3133	0.5719039440155029
3134	0.5720122456550598
3135	0.5720235705375671
3136	0.5720944404602051
3137	0.5721673965454102
3138	0.5721918344497681
3139	0.5722692608833313
3140	0.5723028779029846
3141	0.5723483562469482
3142	0.572416365146637
3143	0.5724305510520935
3144	0.5724505186080933
3145	0.5724738836288452
3146	0.572484016418457
3147	0.5725252628326416
3148	0.572543740272522
3149	0.5725886225700378
3150	0.5726954340934753
3151	0.5727207064628601
3152	0.5728033185005188
3153	0.5728421807289124
3154	0.5728784203529358
3155	0.5729888677597046
3156	0.5731834769248962
3157	0.57320237159729
3158	0.5732754468917847
3159	0.573297381401062
3160	0.5733045339584351
3161	0.5733633041381836
3162	0.5733815431594849
3163	0.573435366153717
3164	0.5735673308372498
3165	0.5736035704612732
3166	0.5736340284347534
3167	0.5736562013626099
3168	0.5736657381057739
3169	0.5736748576164246
3170	0.5737718939781189
3171	0.5738207101821899
3172	0.5738415718078613
3173	0.5739109516143799
3174	0.5739842653274536
3175	0.5741250514984131
3176	0.5742165446281433
3177	0.5743089914321899
3178	0.5743327736854553
3179	0.5743436217308044
3180	0.5744449496269226
3181	0.5744760036468506
3182	0.5744824409484863
3183	0.5744998455047607
3184	0.5745121240615845
3185	0.574554979801178
3186	0.5746070146560669
3187	0.5747366547584534
3188	0.5747806429862976
3189	0.574815571308136
3190	0.5748425126075745
3191	0.5748664736747742
3192	0.5748707056045532
3193	0.5749586224555969
3194	0.5750949382781982
3195	0.5751376152038574
3196	0.5751453638076782
3197	0.5752030611038208
3198	0.5752358436584473
3199	0.5752618908882141
3200	0.5752974152565002
3201	0.575335681438446
3202	0.5753464698791504
3203	0.5753728151321411
3204	0.5753872990608215
3205	0.5756306648254395
3206	0.5756629109382629
3207	0.5759238600730896
3208	0.5760037899017334
3209	0.5760884284973145
3210	0.5760931372642517
3211	0.5761234760284424
3212	0.5761557817459106
3213	0.5762293934822083
3214	0.5763037204742432
3215	0.5763164162635803
3216	0.5765287280082703
3217	0.5766676068305969
3218	0.5767034888267517
3219	0.5767088532447815
3220	0.5767199993133545
3221	0.5767560601234436
3222	0.5768152475357056
3223	0.5768417716026306
3224	0.5768495202064514
3225	0.5769264101982117
3226	0.5771190524101257
3227	0.5771812200546265
3228	0.5772026181221008
3229	0.577239990234375
3230	0.5772890448570251
3231	0.5772991180419922
3232	0.577304482460022
3233	0.5774829983711243
3234	0.5775144696235657
3235	0.5775673985481262
3236	0.5775808095932007
3237	0.577681303024292
3238	0.5777342319488525
3239	0.577762246131897
3240	0.5778067708015442
3241	0.5778929591178894
3242	0.5779211521148682
3243	0.5779817700386047
3244	0.5781524181365967
3245	0.5782138109207153
3246	0.578222930431366
3247	0.5782420635223389
3248	0.5783016681671143
3249	0.5783299207687378
3250	0.5783710479736328
3251	0.5784395337104797
3252	0.5784546136856079
3253	0.5784709453582764
3254	0.5784997344017029
3255	0.5785214304924011
3256	0.578531801700592
3257	0.5785449147224426
3258	0.5785613059997559
3259	0.5786125659942627
3260	0.5788044929504395
3261	0.5789000988006592
3262	0.5789498090744019
3263	0.5789696574211121
3264	0.5790475606918335
3265	0.5790793895721436
3266	0.5791558623313904
3267	0.5791917443275452
3268	0.5792120099067688
3269	0.5792821645736694
3270	0.579359769821167
3271	0.5794886350631714
3272	0.5795864462852478
3273	0.5797680020332336
3274	0.5798195600509644
3275	0.5798606872558594
3276	0.5798792839050293
3277	0.5804851651191711
3278	0.5807555317878723
3279	0.5807715654373169
3280	0.5808113813400269
3281	0.580885648727417
3282	0.5809086561203003
3283	0.5809202194213867
3284	0.5809764266014099
3285	0.5809884667396545
3286	0.5810278058052063
3287	0.5810365676879883
3288	0.581061065196991
3289	0.5810823440551758
3290	0.5812085866928101
3291	0.5812186002731323
3292	0.581286609172821
3293	0.5813331007957458
3294	0.581354022026062
3295	0.5813632011413574
3296	0.5814113616943359
3297	0.5815049409866333
3298	0.581512451171875
3299	0.5815832614898682
3300	0.5815992951393127
3301	0.5817014575004578
3302	0.581802248954773
3303	0.5818182826042175
3304	0.5818558931350708
3305	0.5818778276443481
3306	0.5818793773651123
3307	0.5818879008293152
3308	0.5819447040557861
3309	0.5819750428199768
3310	0.5821239352226257
3311	0.5821362137794495
3312	0.5821542143821716
