1	0.02
1	0.02
2	0.03
2	0.03
3	0.05
3	0.05
4	0.06
4	0.06
5	0.08
5	0.08
6	0.1
6	0.1
7	0.11
7	0.11
8	0.13
8	0.13
9	0.14
9	0.14
10	0.16
10	0.16
10	0.16
11	0.17
11	0.17
12	0.19
12	0.19
13	0.21
13	0.21
14	0.22
14	0.22
15	0.24
15	0.24
16	0.25
16	0.25
17	0.27
17	0.27
18	0.29
18	0.29
19	0.3
19	0.3
20	0.32
20	0.32
20	0.32
21	0.33
21	0.33
22	0.35
22	0.35
23	0.37
23	0.37
24	0.38
24	0.38
25	0.4
25	0.4
26	0.41
26	0.41
27	0.43
27	0.43
28	0.44
28	0.44
29	0.46
29	0.46
30	0.48
30	0.48
30	0.48
31	0.49
31	0.49
32	0.51
32	0.51
33	0.52
33	0.52
34	0.54
34	0.54
35	0.56
35	0.56
36	0.57
36	0.57
37	0.59
37	0.59
38	0.6
38	0.6
39	0.62
39	0.62
40	0.63
40	0.63
40	0.63
41	0.65
41	0.65
42	0.67
42	0.67
43	0.68
43	0.68
44	0.7
44	0.7
45	0.71
45	0.71
46	0.73
46	0.73
47	0.75
47	0.75
48	0.76
48	0.76
49	0.78
49	0.78
50	0.79
50	0.79
50	0.79
51	0.81
51	0.81
52	0.83
52	0.83
53	0.84
53	0.84
54	0.86
54	0.86
55	0.87
55	0.87
56	0.89
56	0.89
57	0.9
57	0.9
58	0.92
58	0.92
59	0.94
59	0.94
60	0.95
60	0.95
60	0.95
61	0.97
61	0.97
62	0.98
62	0.98
63	1.0
63	1.0
64	1.02
64	1.02
65	1.03
65	1.03
66	1.05
66	1.05
67	1.06
67	1.06
68	1.08
68	1.08
69	1.1
69	1.1
70	1.11
70	1.11
70	1.11
71	1.13
71	1.13
72	1.14
72	1.14
73	1.16
73	1.16
74	1.17
74	1.17
75	1.19
75	1.19
76	1.21
76	1.21
77	1.22
77	1.22
78	1.24
78	1.24
79	1.25
79	1.25
80	1.27
80	1.27
80	1.27
81	1.29
81	1.29
82	1.3
82	1.3
83	1.32
83	1.32
84	1.33
84	1.33
85	1.35
85	1.35
86	1.37
86	1.37
87	1.38
87	1.38
88	1.4
88	1.4
89	1.41
89	1.41
90	1.43
90	1.43
90	1.43
91	1.44
91	1.44
92	1.46
92	1.46
93	1.48
93	1.48
94	1.49
94	1.49
95	1.51
95	1.51
96	1.52
96	1.52
97	1.54
97	1.54
98	1.56
98	1.56
99	1.57
99	1.57
100	1.59
100	1.59
100	1.59
101	1.6
101	1.6
102	1.62
102	1.62
103	1.63
103	1.63
104	1.65
104	1.65
105	1.67
105	1.67
106	1.68
106	1.68
107	1.7
107	1.7
108	1.71
108	1.71
109	1.73
109	1.73
110	1.75
110	1.75
110	1.75
111	1.76
111	1.76
112	1.78
112	1.78
113	1.79
113	1.79
114	1.81
114	1.81
115	1.83
115	1.83
116	1.84
116	1.84
117	1.86
117	1.86
118	1.87
118	1.87
119	1.89
119	1.89
120	1.9
120	1.9
120	1.9
121	1.92
121	1.92
122	1.94
122	1.94
123	1.95
123	1.95
124	1.97
124	1.97
125	1.98
125	1.98
126	2.0
126	2.0
127	2.02
127	2.02
128	2.03
128	2.03
129	2.05
129	2.05
130	2.06
130	2.06
130	2.06
131	2.08
131	2.08
132	2.1
132	2.1
133	2.11
133	2.11
134	2.13
134	2.13
135	2.14
135	2.14
136	2.16
136	2.16
137	2.17
137	2.17
138	2.19
138	2.19
139	2.21
139	2.21
140	2.22
140	2.22
140	2.22
141	2.24
141	2.24
142	2.25
142	2.25
143	2.27
143	2.27
144	2.29
144	2.29
145	2.3
145	2.3
146	2.32
146	2.32
147	2.33
147	2.33
148	2.35
148	2.35
149	2.37
149	2.37
150	2.38
150	2.38
150	2.38
151	2.4
151	2.4
152	2.41
152	2.41
153	2.43
153	2.43
154	2.44
154	2.44
155	2.46
155	2.46
156	2.48
156	2.48
157	2.49
157	2.49
158	2.51
158	2.51
159	2.52
159	2.52
160	2.54
160	2.54
160	2.54
161	2.56
161	2.56
162	2.57
162	2.57
163	2.59
163	2.59
164	2.6
164	2.6
165	2.62
165	2.62
166	2.63
166	2.63
167	2.65
167	2.65
168	2.67
168	2.67
169	2.68
169	2.68
170	2.7
170	2.7
170	2.7
171	2.71
171	2.71
172	2.73
172	2.73
173	2.75
173	2.75
174	2.76
174	2.76
175	2.78
175	2.78
176	2.79
176	2.79
177	2.81
177	2.81
178	2.83
178	2.83
179	2.84
179	2.84
180	2.86
180	2.86
180	2.86
181	2.87
181	2.87
182	2.89
182	2.89
183	2.9
183	2.9
184	2.92
184	2.92
185	2.94
185	2.94
186	2.95
186	2.95
187	2.97
187	2.97
188	2.98
188	2.98
189	3.0
189	3.0
190	3.02
190	3.02
190	3.02
191	3.03
191	3.03
192	3.05
192	3.05
193	3.06
193	3.06
194	3.08
194	3.08
195	3.1
195	3.1
196	3.11
196	3.11
197	3.13
197	3.13
198	3.14
198	3.14
199	3.16
199	3.16
200	3.17
200	3.17
200	3.17
201	3.19
201	3.19
202	3.21
202	3.21
203	3.22
203	3.22
204	3.24
204	3.24
205	3.25
205	3.25
206	3.27
206	3.27
207	3.29
207	3.29
208	3.3
208	3.3
209	3.32
209	3.32
210	3.33
210	3.33
210	3.33
211	3.35
211	3.35
212	3.37
212	3.37
213	3.38
213	3.38
214	3.4
214	3.4
215	3.41
215	3.41
216	3.43
216	3.43
217	3.44
217	3.44
218	3.46
218	3.46
219	3.48
219	3.48
220	3.49
220	3.49
220	3.49
221	3.51
221	3.51
222	3.52
222	3.52
223	3.54
223	3.54
224	3.56
224	3.56
225	3.57
225	3.57
226	3.59
226	3.59
227	3.6
227	3.6
228	3.62
228	3.62
229	3.63
229	3.63
230	3.65
230	3.65
230	3.65
231	3.67
231	3.67
232	3.68
232	3.68
233	3.7
233	3.7
234	3.71
234	3.71
235	3.73
235	3.73
236	3.75
236	3.75
237	3.76
237	3.76
238	3.78
238	3.78
239	3.79
239	3.79
240	3.81
240	3.81
240	3.81
241	3.83
241	3.83
242	3.84
242	3.84
243	3.86
243	3.86
244	3.87
244	3.87
245	3.89
245	3.89
246	3.9
246	3.9
247	3.92
247	3.92
248	3.94
248	3.94
249	3.95
249	3.95
250	3.97
250	3.97
250	3.97
251	3.98
251	3.98
252	4.0
252	4.0
253	4.02
253	4.02
254	4.03
254	4.03
255	4.05
255	4.05
256	4.06
256	4.06
257	4.08
257	4.08
258	4.1
258	4.1
259	4.11
259	4.11
260	4.13
260	4.13
260	4.13
261	4.14
261	4.14
262	4.16
262	4.16
263	4.17
263	4.17
264	4.19
264	4.19
265	4.21
265	4.21
266	4.22
266	4.22
267	4.24
267	4.24
268	4.25
268	4.25
269	4.27
269	4.27
270	4.29
270	4.29
270	4.29
271	4.3
271	4.3
272	4.32
272	4.32
273	4.33
273	4.33
274	4.35
274	4.35
275	4.37
275	4.37
276	4.38
276	4.38
277	4.4
277	4.4
278	4.41
278	4.41
279	4.43
279	4.43
280	4.44
280	4.44
280	4.44
281	4.46
281	4.46
282	4.48
282	4.48
283	4.49
283	4.49
284	4.51
284	4.51
285	4.52
285	4.52
286	4.54
286	4.54
287	4.56
287	4.56
288	4.57
288	4.57
289	4.59
289	4.59
290	4.6
290	4.6
290	4.6
291	4.62
291	4.62
292	4.63
292	4.63
293	4.65
293	4.65
294	4.67
294	4.67
295	4.68
295	4.68
296	4.7
296	4.7
297	4.71
297	4.71
298	4.73
298	4.73
299	4.75
299	4.75
300	4.76
300	4.76
300	4.76
301	4.78
301	4.78
302	4.79
302	4.79
303	4.81
303	4.81
304	4.83
304	4.83
305	4.84
305	4.84
306	4.86
306	4.86
307	4.87
307	4.87
308	4.89
308	4.89
309	4.9
309	4.9
310	4.92
310	4.92
310	4.92
311	4.94
311	4.94
312	4.95
312	4.95
313	4.97
313	4.97
314	4.98
314	4.98
315	5.0
315	5.0
316	5.02
316	5.02
317	5.03
317	5.03
318	5.05
318	5.05
319	5.06
319	5.06
320	5.08
320	5.08
320	5.08
321	5.1
321	5.1
322	5.11
322	5.11
323	5.13
323	5.13
324	5.14
324	5.14
325	5.16
325	5.16
326	5.17
326	5.17
327	5.19
327	5.19
328	5.21
328	5.21
329	5.22
329	5.22
330	5.24
330	5.24
330	5.24
331	5.25
331	5.25
332	5.27
332	5.27
333	5.29
333	5.29
334	5.3
334	5.3
335	5.32
335	5.32
336	5.33
336	5.33
337	5.35
337	5.35
338	5.37
338	5.37
339	5.38
339	5.38
340	5.4
340	5.4
340	5.4
341	5.41
341	5.41
342	5.43
342	5.43
343	5.44
343	5.44
344	5.46
344	5.46
345	5.48
345	5.48
346	5.49
346	5.49
347	5.51
347	5.51
348	5.52
348	5.52
349	5.54
349	5.54
350	5.56
350	5.56
350	5.56
351	5.57
351	5.57
352	5.59
352	5.59
353	5.6
353	5.6
354	5.62
354	5.62
355	5.63
355	5.63
356	5.65
356	5.65
357	5.67
357	5.67
358	5.68
358	5.68
359	5.7
359	5.7
360	5.71
360	5.71
360	5.71
361	5.73
361	5.73
362	5.75
362	5.75
363	5.76
363	5.76
364	5.78
364	5.78
365	5.79
365	5.79
366	5.81
366	5.81
367	5.83
367	5.83
368	5.84
368	5.84
369	5.86
369	5.86
370	5.87
370	5.87
370	5.87
371	5.89
371	5.89
372	5.9
372	5.9
373	5.92
373	5.92
374	5.94
374	5.94
375	5.95
375	5.95
376	5.97
376	5.97
377	5.98
377	5.98
378	6.0
378	6.0
379	6.02
379	6.02
380	6.03
380	6.03
380	6.03
381	6.05
381	6.05
382	6.06
382	6.06
383	6.08
383	6.08
384	6.1
384	6.1
385	6.11
385	6.11
386	6.13
386	6.13
387	6.14
387	6.14
388	6.16
388	6.16
389	6.17
389	6.17
390	6.19
390	6.19
390	6.19
391	6.21
391	6.21
392	6.22
392	6.22
393	6.24
393	6.24
394	6.25
394	6.25
395	6.27
395	6.27
396	6.29
396	6.29
397	6.3
397	6.3
398	6.32
398	6.32
399	6.33
399	6.33
400	6.35
400	6.35
400	6.35
401	6.37
401	6.37
402	6.38
402	6.38
403	6.4
403	6.4
404	6.41
404	6.41
405	6.43
405	6.43
406	6.44
406	6.44
407	6.46
407	6.46
408	6.48
408	6.48
409	6.49
409	6.49
410	6.51
410	6.51
410	6.51
411	6.52
411	6.52
412	6.54
412	6.54
413	6.56
413	6.56
414	6.57
414	6.57
415	6.59
415	6.59
416	6.6
416	6.6
417	6.62
417	6.62
418	6.63
418	6.63
419	6.65
419	6.65
420	6.67
420	6.67
420	6.67
421	6.68
421	6.68
422	6.7
422	6.7
423	6.71
423	6.71
424	6.73
424	6.73
425	6.75
425	6.75
426	6.76
426	6.76
427	6.78
427	6.78
428	6.79
428	6.79
429	6.81
429	6.81
430	6.83
430	6.83
430	6.83
431	6.84
431	6.84
432	6.86
432	6.86
433	6.87
433	6.87
434	6.89
434	6.89
435	6.9
435	6.9
436	6.92
436	6.92
437	6.94
437	6.94
438	6.95
438	6.95
439	6.97
439	6.97
440	6.98
440	6.98
440	6.98
441	7.0
441	7.0
442	7.02
442	7.02
443	7.03
443	7.03
444	7.05
444	7.05
445	7.06
445	7.06
446	7.08
446	7.08
447	7.1
447	7.1
448	7.11
448	7.11
449	7.13
449	7.13
450	7.14
450	7.14
450	7.14
451	7.16
451	7.16
452	7.17
452	7.17
453	7.19
453	7.19
454	7.21
454	7.21
455	7.22
455	7.22
456	7.24
456	7.24
457	7.25
457	7.25
458	7.27
458	7.27
459	7.29
459	7.29
460	7.3
460	7.3
460	7.3
461	7.32
461	7.32
462	7.33
462	7.33
463	7.35
463	7.35
464	7.37
464	7.37
465	7.38
465	7.38
466	7.4
466	7.4
467	7.41
467	7.41
468	7.43
468	7.43
469	7.44
469	7.44
470	7.46
470	7.46
470	7.46
471	7.48
471	7.48
472	7.49
472	7.49
473	7.51
473	7.51
474	7.52
474	7.52
475	7.54
475	7.54
476	7.56
476	7.56
477	7.57
477	7.57
478	7.59
478	7.59
479	7.6
479	7.6
480	7.62
480	7.62
480	7.62
481	7.63
481	7.63
482	7.65
482	7.65
483	7.67
483	7.67
484	7.68
484	7.68
485	7.7
485	7.7
486	7.71
486	7.71
487	7.73
487	7.73
488	7.75
488	7.75
489	7.76
489	7.76
490	7.78
490	7.78
490	7.78
491	7.79
491	7.79
492	7.81
492	7.81
493	7.83
493	7.83
494	7.84
494	7.84
495	7.86
495	7.86
496	7.87
496	7.87
497	7.89
497	7.89
498	7.9
498	7.9
499	7.92
500	7.92
499	7.92
499	7.92
500	7.94
500	7.94
500	7.94
500	7.94
501	7.95
501	7.95
502	7.97
502	7.97
503	7.98
503	7.98
504	8.0
504	8.0
505	8.02
505	8.02
506	8.03
506	8.03
507	8.05
507	8.05
508	8.06
508	8.06
509	8.08
509	8.08
510	8.1
510	8.1
510	8.1
511	8.11
511	8.11
512	8.13
512	8.13
513	8.14
513	8.14
514	8.16
514	8.16
515	8.17
515	8.17
516	8.19
516	8.19
517	8.21
517	8.21
518	8.22
518	8.22
519	8.24
519	8.24
520	8.25
520	8.25
520	8.25
521	8.27
521	8.27
522	8.29
522	8.29
523	8.3
523	8.3
524	8.32
524	8.32
525	8.33
525	8.33
526	8.35
526	8.35
527	8.37
527	8.37
528	8.38
528	8.38
529	8.4
529	8.4
530	8.41
530	8.41
530	8.41
531	8.43
531	8.43
532	8.44
532	8.44
533	8.46
533	8.46
534	8.48
534	8.48
535	8.49
535	8.49
536	8.51
536	8.51
537	8.52
537	8.52
538	8.54
538	8.54
539	8.56
539	8.56
540	8.57
540	8.57
540	8.57
541	8.59
541	8.59
542	8.6
542	8.6
543	8.62
543	8.62
544	8.63
544	8.63
545	8.65
545	8.65
546	8.67
546	8.67
547	8.68
547	8.68
548	8.7
548	8.7
549	8.71
549	8.71
550	8.73
550	8.73
550	8.73
551	8.75
551	8.75
552	8.76
552	8.76
553	8.78
553	8.78
554	8.79
554	8.79
555	8.81
555	8.81
556	8.83
556	8.83
557	8.84
557	8.84
558	8.86
558	8.86
559	8.87
559	8.87
560	8.89
560	8.89
560	8.89
561	8.9
561	8.9
562	8.92
562	8.92
563	8.94
563	8.94
564	8.95
564	8.95
565	8.97
565	8.97
566	8.98
566	8.98
567	9.0
567	9.0
568	9.02
568	9.02
569	9.03
569	9.03
570	9.05
570	9.05
570	9.05
571	9.06
571	9.06
572	9.08
572	9.08
573	9.1
573	9.1
574	9.11
574	9.11
575	9.13
575	9.13
576	9.14
576	9.14
577	9.16
577	9.16
578	9.17
578	9.17
579	9.19
579	9.19
580	9.21
580	9.21
580	9.21
581	9.22
581	9.22
582	9.24
582	9.24
583	9.25
583	9.25
584	9.27
584	9.27
585	9.29
585	9.29
586	9.3
586	9.3
587	9.32
587	9.32
588	9.33
588	9.33
589	9.35
589	9.35
590	9.37
590	9.37
590	9.37
591	9.38
591	9.38
592	9.4
592	9.4
593	9.41
593	9.41
594	9.43
594	9.43
595	9.44
595	9.44
596	9.46
596	9.46
597	9.48
597	9.48
598	9.49
598	9.49
599	9.51
599	9.51
600	9.52
600	9.52
600	9.52
601	9.54
601	9.54
602	9.56
602	9.56
603	9.57
603	9.57
604	9.59
604	9.59
605	9.6
605	9.6
606	9.62
606	9.62
607	9.63
607	9.63
608	9.65
608	9.65
609	9.67
609	9.67
610	9.68
610	9.68
610	9.68
611	9.7
611	9.7
612	9.71
612	9.71
613	9.73
613	9.73
614	9.75
614	9.75
615	9.76
615	9.76
616	9.78
616	9.78
617	9.79
617	9.79
618	9.81
618	9.81
619	9.83
619	9.83
620	9.84
620	9.84
620	9.84
621	9.86
621	9.86
622	9.87
622	9.87
623	9.89
623	9.89
624	9.9
624	9.9
625	9.92
625	9.92
626	9.94
626	9.94
627	9.95
627	9.95
628	9.97
628	9.97
629	9.98
629	9.98
630	10.0
630	10.0
630	10.0
631	10.02
631	10.02
632	10.03
632	10.03
633	10.05
633	10.05
634	10.06
634	10.06
635	10.08
635	10.08
636	10.1
636	10.1
637	10.11
637	10.11
638	10.13
638	10.13
639	10.14
639	10.14
640	10.16
640	10.16
640	10.16
641	10.17
641	10.17
642	10.19
642	10.19
643	10.21
643	10.21
644	10.22
644	10.22
645	10.24
645	10.24
646	10.25
646	10.25
647	10.27
647	10.27
648	10.29
648	10.29
649	10.3
649	10.3
650	10.32
650	10.32
650	10.32
651	10.33
651	10.33
652	10.35
652	10.35
653	10.37
653	10.37
654	10.38
654	10.38
655	10.4
655	10.4
656	10.41
656	10.41
657	10.43
657	10.43
658	10.44
658	10.44
659	10.46
659	10.46
660	10.48
660	10.48
660	10.48
661	10.49
661	10.49
662	10.51
662	10.51
663	10.52
663	10.52
664	10.54
664	10.54
665	10.56
665	10.56
666	10.57
666	10.57
667	10.59
667	10.59
668	10.6
668	10.6
669	10.62
669	10.62
670	10.63
670	10.63
670	10.63
671	10.65
671	10.65
672	10.67
672	10.67
673	10.68
673	10.68
674	10.7
674	10.7
675	10.71
675	10.71
676	10.73
676	10.73
677	10.75
677	10.75
678	10.76
678	10.76
679	10.78
679	10.78
680	10.79
680	10.79
680	10.79
681	10.81
681	10.81
682	10.83
682	10.83
683	10.84
683	10.84
684	10.86
684	10.86
685	10.87
685	10.87
686	10.89
686	10.89
687	10.9
687	10.9
688	10.92
688	10.92
689	10.94
689	10.94
690	10.95
690	10.95
690	10.95
691	10.97
691	10.97
692	10.98
692	10.98
693	11.0
693	11.0
694	11.02
694	11.02
695	11.03
695	11.03
696	11.05
696	11.05
697	11.06
697	11.06
698	11.08
698	11.08
699	11.1
699	11.1
700	11.11
700	11.11
700	11.11
701	11.13
701	11.13
702	11.14
702	11.14
703	11.16
703	11.16
704	11.17
704	11.17
705	11.19
705	11.19
706	11.21
706	11.21
707	11.22
707	11.22
708	11.24
708	11.24
709	11.25
709	11.25
710	11.27
710	11.27
710	11.27
711	11.29
711	11.29
712	11.3
712	11.3
713	11.32
713	11.32
714	11.33
714	11.33
715	11.35
715	11.35
716	11.37
716	11.37
717	11.38
717	11.38
718	11.4
718	11.4
719	11.41
719	11.41
720	11.43
720	11.43
720	11.43
721	11.44
721	11.44
722	11.46
722	11.46
723	11.48
723	11.48
724	11.49
724	11.49
725	11.51
725	11.51
726	11.52
726	11.52
727	11.54
727	11.54
728	11.56
728	11.56
729	11.57
729	11.57
730	11.59
730	11.59
730	11.59
731	11.6
731	11.6
732	11.62
732	11.62
733	11.63
733	11.63
734	11.65
734	11.65
735	11.67
735	11.67
736	11.68
736	11.68
737	11.7
737	11.7
738	11.71
738	11.71
739	11.73
739	11.73
740	11.75
740	11.75
740	11.75
741	11.76
741	11.76
742	11.78
742	11.78
743	11.79
743	11.79
744	11.81
744	11.81
745	11.83
745	11.83
746	11.84
746	11.84
747	11.86
747	11.86
748	11.87
748	11.87
749	11.89
749	11.89
750	11.9
750	11.9
750	11.9
751	11.92
751	11.92
752	11.94
752	11.94
753	11.95
753	11.95
754	11.97
754	11.97
755	11.98
755	11.98
756	12.0
756	12.0
757	12.02
757	12.02
758	12.03
758	12.03
759	12.05
759	12.05
760	12.06
760	12.06
760	12.06
761	12.08
761	12.08
762	12.1
762	12.1
763	12.11
763	12.11
764	12.13
764	12.13
765	12.14
765	12.14
766	12.16
766	12.16
767	12.17
767	12.17
768	12.19
768	12.19
769	12.21
769	12.21
770	12.22
770	12.22
770	12.22
771	12.24
771	12.24
772	12.25
772	12.25
773	12.27
773	12.27
774	12.29
774	12.29
775	12.3
775	12.3
776	12.32
776	12.32
777	12.33
777	12.33
778	12.35
778	12.35
779	12.37
779	12.37
780	12.38
780	12.38
780	12.38
781	12.4
781	12.4
782	12.41
782	12.41
783	12.43
783	12.43
784	12.44
784	12.44
785	12.46
785	12.46
786	12.48
786	12.48
787	12.49
787	12.49
788	12.51
788	12.51
789	12.52
789	12.52
790	12.54
790	12.54
790	12.54
791	12.56
791	12.56
792	12.57
792	12.57
793	12.59
793	12.59
794	12.6
794	12.6
795	12.62
795	12.62
796	12.63
796	12.63
797	12.65
797	12.65
798	12.67
798	12.67
799	12.68
799	12.68
800	12.7
800	12.7
800	12.7
801	12.71
801	12.71
802	12.73
802	12.73
803	12.75
803	12.75
804	12.76
804	12.76
805	12.78
805	12.78
806	12.79
806	12.79
807	12.81
807	12.81
808	12.83
808	12.83
809	12.84
809	12.84
810	12.86
810	12.86
810	12.86
811	12.87
811	12.87
812	12.89
812	12.89
813	12.9
813	12.9
814	12.92
814	12.92
815	12.94
815	12.94
816	12.95
816	12.95
817	12.97
817	12.97
818	12.98
818	12.98
819	13.0
819	13.0
820	13.02
820	13.02
820	13.02
821	13.03
821	13.03
822	13.05
822	13.05
823	13.06
823	13.06
824	13.08
824	13.08
825	13.1
825	13.1
826	13.11
826	13.11
827	13.13
827	13.13
828	13.14
828	13.14
829	13.16
829	13.16
830	13.17
830	13.17
830	13.17
831	13.19
831	13.19
832	13.21
832	13.21
833	13.22
833	13.22
834	13.24
834	13.24
835	13.25
835	13.25
836	13.27
836	13.27
837	13.29
837	13.29
838	13.3
838	13.3
839	13.32
839	13.32
840	13.33
840	13.33
840	13.33
841	13.35
841	13.35
842	13.37
842	13.37
843	13.38
843	13.38
844	13.4
844	13.4
845	13.41
845	13.41
846	13.43
846	13.43
847	13.44
847	13.44
848	13.46
848	13.46
849	13.48
849	13.48
850	13.49
850	13.49
850	13.49
851	13.51
851	13.51
852	13.52
852	13.52
853	13.54
853	13.54
854	13.56
854	13.56
855	13.57
855	13.57
856	13.59
856	13.59
857	13.6
857	13.6
858	13.62
858	13.62
859	13.63
859	13.63
860	13.65
860	13.65
860	13.65
861	13.67
861	13.67
862	13.68
862	13.68
863	13.7
863	13.7
864	13.71
864	13.71
865	13.73
865	13.73
866	13.75
866	13.75
867	13.76
867	13.76
868	13.78
868	13.78
869	13.79
869	13.79
870	13.81
870	13.81
870	13.81
871	13.83
871	13.83
872	13.84
872	13.84
873	13.86
873	13.86
874	13.87
874	13.87
875	13.89
875	13.89
876	13.9
876	13.9
877	13.92
877	13.92
878	13.94
878	13.94
879	13.95
879	13.95
880	13.97
880	13.97
880	13.97
881	13.98
881	13.98
882	14.0
882	14.0
883	14.02
883	14.02
884	14.03
884	14.03
885	14.05
885	14.05
886	14.06
886	14.06
887	14.08
887	14.08
888	14.1
888	14.1
889	14.11
889	14.11
890	14.13
890	14.13
890	14.13
891	14.14
891	14.14
892	14.16
892	14.16
893	14.17
893	14.17
894	14.19
894	14.19
895	14.21
895	14.21
896	14.22
896	14.22
897	14.24
897	14.24
898	14.25
898	14.25
899	14.27
899	14.27
900	14.29
900	14.29
900	14.29
901	14.3
901	14.3
902	14.32
902	14.32
903	14.33
903	14.33
904	14.35
904	14.35
905	14.37
905	14.37
906	14.38
906	14.38
907	14.4
907	14.4
908	14.41
908	14.41
909	14.43
909	14.43
910	14.44
910	14.44
910	14.44
911	14.46
911	14.46
912	14.48
912	14.48
913	14.49
913	14.49
914	14.51
914	14.51
915	14.52
915	14.52
916	14.54
916	14.54
917	14.56
917	14.56
918	14.57
918	14.57
919	14.59
919	14.59
920	14.6
920	14.6
920	14.6
921	14.62
921	14.62
922	14.63
922	14.63
923	14.65
923	14.65
924	14.67
924	14.67
925	14.68
925	14.68
926	14.7
926	14.7
927	14.71
927	14.71
928	14.73
928	14.73
929	14.75
929	14.75
930	14.76
930	14.76
930	14.76
931	14.78
931	14.78
932	14.79
932	14.79
933	14.81
933	14.81
934	14.83
934	14.83
935	14.84
935	14.84
936	14.86
936	14.86
937	14.87
937	14.87
938	14.89
938	14.89
939	14.9
939	14.9
940	14.92
940	14.92
940	14.92
941	14.94
941	14.94
942	14.95
942	14.95
943	14.97
943	14.97
944	14.98
944	14.98
945	15.0
945	15.0
946	15.02
946	15.02
947	15.03
947	15.03
948	15.05
948	15.05
949	15.06
949	15.06
950	15.08
950	15.08
950	15.08
951	15.1
951	15.1
952	15.11
952	15.11
953	15.13
953	15.13
954	15.14
954	15.14
955	15.16
955	15.16
956	15.17
956	15.17
957	15.19
957	15.19
958	15.21
958	15.21
959	15.22
959	15.22
960	15.24
960	15.24
960	15.24
961	15.25
961	15.25
962	15.27
962	15.27
963	15.29
963	15.29
964	15.3
964	15.3
965	15.32
965	15.32
966	15.33
966	15.33
967	15.35
967	15.35
968	15.37
968	15.37
969	15.38
969	15.38
970	15.4
970	15.4
970	15.4
971	15.41
971	15.41
972	15.43
972	15.43
973	15.44
973	15.44
974	15.46
974	15.46
975	15.48
975	15.48
976	15.49
976	15.49
977	15.51
977	15.51
978	15.52
978	15.52
979	15.54
979	15.54
980	15.56
980	15.56
980	15.56
981	15.57
981	15.57
982	15.59
982	15.59
983	15.6
983	15.6
984	15.62
984	15.62
985	15.63
985	15.63
986	15.65
986	15.65
987	15.67
987	15.67
988	15.68
988	15.68
989	15.7
989	15.7
990	15.71
990	15.71
990	15.71
991	15.73
991	15.73
992	15.75
992	15.75
993	15.76
993	15.76
994	15.78
994	15.78
995	15.79
995	15.79
996	15.81
996	15.81
997	15.83
997	15.83
998	15.84
998	15.84
999	15.86
1000	15.86
999	15.86
999	15.86
1000	15.87
1000	15.87
1000	15.87
1000	15.87
1001	15.89
1001	15.89
1002	15.9
1002	15.9
1003	15.92
1003	15.92
1004	15.94
1004	15.94
1005	15.95
1005	15.95
1006	15.97
1006	15.97
1007	15.98
1007	15.98
1008	16.0
1008	16.0
1009	16.02
1009	16.02
1010	16.03
1010	16.03
1010	16.03
1011	16.05
1011	16.05
1012	16.06
1012	16.06
1013	16.08
1013	16.08
1014	16.1
1014	16.1
1015	16.11
1015	16.11
1016	16.13
1016	16.13
1017	16.14
1017	16.14
1018	16.16
1018	16.16
1019	16.17
1019	16.17
1020	16.19
1020	16.19
1020	16.19
1021	16.21
1021	16.21
1022	16.22
1022	16.22
1023	16.24
1023	16.24
1024	16.25
1024	16.25
1025	16.27
1025	16.27
1026	16.29
1026	16.29
1027	16.3
1027	16.3
1028	16.32
1028	16.32
1029	16.33
1029	16.33
1030	16.35
1030	16.35
1030	16.35
1031	16.37
1031	16.37
1032	16.38
1032	16.38
1033	16.4
1033	16.4
1034	16.41
1034	16.41
1035	16.43
1035	16.43
1036	16.44
1036	16.44
1037	16.46
1037	16.46
1038	16.48
1038	16.48
1039	16.49
1039	16.49
1040	16.51
1040	16.51
1040	16.51
1041	16.52
1041	16.52
1042	16.54
1042	16.54
1043	16.56
1043	16.56
1044	16.57
1044	16.57
1045	16.59
1045	16.59
1046	16.6
1046	16.6
1047	16.62
1047	16.62
1048	16.63
1048	16.63
1049	16.65
1049	16.65
1050	16.67
1050	16.67
1050	16.67
1051	16.68
1051	16.68
1052	16.7
1052	16.7
1053	16.71
1053	16.71
1054	16.73
1054	16.73
1055	16.75
1055	16.75
1056	16.76
1056	16.76
1057	16.78
1057	16.78
1058	16.79
1058	16.79
1059	16.81
1059	16.81
1060	16.83
1060	16.83
1060	16.83
1061	16.84
1061	16.84
1062	16.86
1062	16.86
1063	16.87
1063	16.87
1064	16.89
1064	16.89
1065	16.9
1065	16.9
1066	16.92
1066	16.92
1067	16.94
1067	16.94
1068	16.95
1068	16.95
1069	16.97
1069	16.97
1070	16.98
1070	16.98
1070	16.98
1071	17.0
1071	17.0
1072	17.02
1072	17.02
1073	17.03
1073	17.03
1074	17.05
1074	17.05
1075	17.06
1075	17.06
1076	17.08
1076	17.08
1077	17.1
1077	17.1
1078	17.11
1078	17.11
1079	17.13
1079	17.13
1080	17.14
1080	17.14
1080	17.14
1081	17.16
1081	17.16
1082	17.17
1082	17.17
1083	17.19
1083	17.19
1084	17.21
1084	17.21
1085	17.22
1085	17.22
1086	17.24
1086	17.24
1087	17.25
1087	17.25
1088	17.27
1088	17.27
1089	17.29
1089	17.29
1090	17.3
1090	17.3
1090	17.3
1091	17.32
1091	17.32
1092	17.33
1092	17.33
1093	17.35
1093	17.35
1094	17.37
1094	17.37
1095	17.38
1095	17.38
1096	17.4
1096	17.4
1097	17.41
1097	17.41
1098	17.43
1098	17.43
1099	17.44
1099	17.44
1100	17.46
1100	17.46
1100	17.46
1101	17.48
1101	17.48
1102	17.49
1102	17.49
1103	17.51
1103	17.51
1104	17.52
1104	17.52
1105	17.54
1105	17.54
1106	17.56
1106	17.56
1107	17.57
1107	17.57
1108	17.59
1108	17.59
1109	17.6
1109	17.6
1110	17.62
1110	17.62
1110	17.62
1111	17.63
1111	17.63
1112	17.65
1112	17.65
1113	17.67
1113	17.67
1114	17.68
1114	17.68
1115	17.7
1115	17.7
1116	17.71
1116	17.71
1117	17.73
1117	17.73
1118	17.75
1118	17.75
1119	17.76
1119	17.76
1120	17.78
1120	17.78
1120	17.78
1121	17.79
1121	17.79
1122	17.81
1122	17.81
1123	17.83
1123	17.83
1124	17.84
1124	17.84
1125	17.86
1125	17.86
1126	17.87
1126	17.87
1127	17.89
1127	17.89
1128	17.9
1128	17.9
1129	17.92
1129	17.92
1130	17.94
1130	17.94
1130	17.94
1131	17.95
1131	17.95
1132	17.97
1132	17.97
1133	17.98
1133	17.98
1134	18.0
1134	18.0
1135	18.02
1135	18.02
1136	18.03
1136	18.03
1137	18.05
1137	18.05
1138	18.06
1138	18.06
1139	18.08
1139	18.08
1140	18.1
1140	18.1
1140	18.1
1141	18.11
1141	18.11
1142	18.13
1142	18.13
1143	18.14
1143	18.14
1144	18.16
1144	18.16
1145	18.17
1145	18.17
1146	18.19
1146	18.19
1147	18.21
1147	18.21
1148	18.22
1148	18.22
1149	18.24
1149	18.24
1150	18.25
1150	18.25
1150	18.25
1151	18.27
1151	18.27
1152	18.29
1152	18.29
1153	18.3
1153	18.3
1154	18.32
1154	18.32
1155	18.33
1155	18.33
1156	18.35
1156	18.35
1157	18.37
1157	18.37
1158	18.38
1158	18.38
1159	18.4
1159	18.4
1160	18.41
1160	18.41
1160	18.41
1161	18.43
1161	18.43
1162	18.44
1162	18.44
1163	18.46
1163	18.46
1164	18.48
1164	18.48
1165	18.49
1165	18.49
1166	18.51
1166	18.51
1167	18.52
1167	18.52
1168	18.54
1168	18.54
1169	18.56
1169	18.56
1170	18.57
1170	18.57
1170	18.57
1171	18.59
1171	18.59
1172	18.6
1172	18.6
1173	18.62
1173	18.62
1174	18.63
1174	18.63
1175	18.65
1175	18.65
1176	18.67
1176	18.67
1177	18.68
1177	18.68
1178	18.7
1178	18.7
1179	18.71
1179	18.71
1180	18.73
1180	18.73
1180	18.73
1181	18.75
1181	18.75
1182	18.76
1182	18.76
1183	18.78
1183	18.78
1184	18.79
1184	18.79
1185	18.81
1185	18.81
1186	18.83
1186	18.83
1187	18.84
1187	18.84
1188	18.86
1188	18.86
1189	18.87
1189	18.87
1190	18.89
1190	18.89
1190	18.89
1191	18.9
1191	18.9
1192	18.92
1192	18.92
1193	18.94
1193	18.94
1194	18.95
1194	18.95
1195	18.97
1195	18.97
1196	18.98
1196	18.98
1197	19.0
1197	19.0
1198	19.02
1198	19.02
1199	19.03
1199	19.03
1200	19.05
1200	19.05
1200	19.05
1201	19.06
1201	19.06
1202	19.08
1202	19.08
1203	19.1
1203	19.1
1204	19.11
1204	19.11
1205	19.13
1205	19.13
1206	19.14
1206	19.14
1207	19.16
1207	19.16
1208	19.17
1208	19.17
1209	19.19
1209	19.19
1210	19.21
1210	19.21
1210	19.21
1211	19.22
1211	19.22
1212	19.24
1212	19.24
1213	19.25
1213	19.25
1214	19.27
1214	19.27
1215	19.29
1215	19.29
1216	19.3
1216	19.3
1217	19.32
1217	19.32
1218	19.33
1218	19.33
1219	19.35
1219	19.35
1220	19.37
1220	19.37
1220	19.37
1221	19.38
1221	19.38
1222	19.4
1222	19.4
1223	19.41
1223	19.41
1224	19.43
1224	19.43
1225	19.44
1225	19.44
1226	19.46
1226	19.46
1227	19.48
1227	19.48
1228	19.49
1228	19.49
1229	19.51
1229	19.51
1230	19.52
1230	19.52
1230	19.52
1231	19.54
1231	19.54
1232	19.56
1232	19.56
1233	19.57
1233	19.57
1234	19.59
1234	19.59
1235	19.6
1235	19.6
1236	19.62
1236	19.62
1237	19.63
1237	19.63
1238	19.65
1238	19.65
1239	19.67
1239	19.67
1240	19.68
1240	19.68
1240	19.68
1241	19.7
1241	19.7
1242	19.71
1242	19.71
1243	19.73
1243	19.73
1244	19.75
1244	19.75
1245	19.76
1245	19.76
1246	19.78
1246	19.78
1247	19.79
1247	19.79
1248	19.81
1248	19.81
1249	19.83
1249	19.83
1250	19.84
1250	19.84
1250	19.84
1251	19.86
1251	19.86
1252	19.87
1252	19.87
1253	19.89
1253	19.89
1254	19.9
1254	19.9
1255	19.92
1255	19.92
1256	19.94
1256	19.94
1257	19.95
1257	19.95
1258	19.97
1258	19.97
1259	19.98
1259	19.98
1260	20.0
1260	20.0
1260	20.0
1261	20.02
1261	20.02
1262	20.03
1262	20.03
1263	20.05
1263	20.05
1264	20.06
1264	20.06
1265	20.08
1265	20.08
1266	20.1
1266	20.1
1267	20.11
1267	20.11
1268	20.13
1268	20.13
1269	20.14
1269	20.14
1270	20.16
1270	20.16
1270	20.16
1271	20.17
1271	20.17
1272	20.19
1272	20.19
1273	20.21
1273	20.21
1274	20.22
1274	20.22
1275	20.24
1275	20.24
1276	20.25
1276	20.25
1277	20.27
1277	20.27
1278	20.29
1278	20.29
1279	20.3
1279	20.3
1280	20.32
1280	20.32
1280	20.32
1281	20.33
1281	20.33
1282	20.35
1282	20.35
1283	20.37
1283	20.37
1284	20.38
1284	20.38
1285	20.4
1285	20.4
1286	20.41
1286	20.41
1287	20.43
1287	20.43
1288	20.44
1288	20.44
1289	20.46
1289	20.46
1290	20.48
1290	20.48
1290	20.48
1291	20.49
1291	20.49
1292	20.51
1292	20.51
1293	20.52
1293	20.52
1294	20.54
1294	20.54
1295	20.56
1295	20.56
1296	20.57
1296	20.57
1297	20.59
1297	20.59
1298	20.6
1298	20.6
1299	20.62
1299	20.62
1300	20.63
1300	20.63
1300	20.63
1301	20.65
1301	20.65
1302	20.67
1302	20.67
1303	20.68
1303	20.68
1304	20.7
1304	20.7
1305	20.71
1305	20.71
1306	20.73
1306	20.73
1307	20.75
1307	20.75
1308	20.76
1308	20.76
1309	20.78
1309	20.78
1310	20.79
1310	20.79
1310	20.79
1311	20.81
1311	20.81
1312	20.83
1312	20.83
1313	20.84
1313	20.84
1314	20.86
1314	20.86
1315	20.87
1315	20.87
1316	20.89
1316	20.89
1317	20.9
1317	20.9
1318	20.92
1318	20.92
1319	20.94
1319	20.94
1320	20.95
1320	20.95
1320	20.95
1321	20.97
1321	20.97
1322	20.98
1322	20.98
1323	21.0
1323	21.0
1324	21.02
1324	21.02
1325	21.03
1325	21.03
1326	21.05
1326	21.05
1327	21.06
1327	21.06
1328	21.08
1328	21.08
1329	21.1
1329	21.1
1330	21.11
1330	21.11
1330	21.11
1331	21.13
1331	21.13
1332	21.14
1332	21.14
1333	21.16
1333	21.16
1334	21.17
1334	21.17
1335	21.19
1335	21.19
1336	21.21
1336	21.21
1337	21.22
1337	21.22
1338	21.24
1338	21.24
1339	21.25
1339	21.25
1340	21.27
1340	21.27
1340	21.27
1341	21.29
1341	21.29
1342	21.3
1342	21.3
1343	21.32
1343	21.32
1344	21.33
1344	21.33
1345	21.35
1345	21.35
1346	21.37
1346	21.37
1347	21.38
1347	21.38
1348	21.4
1348	21.4
1349	21.41
1349	21.41
1350	21.43
1350	21.43
1350	21.43
1351	21.44
1351	21.44
1352	21.46
1352	21.46
1353	21.48
1353	21.48
1354	21.49
1354	21.49
1355	21.51
1355	21.51
1356	21.52
1356	21.52
1357	21.54
1357	21.54
1358	21.56
1358	21.56
1359	21.57
1359	21.57
1360	21.59
1360	21.59
1360	21.59
1361	21.6
1361	21.6
1362	21.62
1362	21.62
1363	21.63
1363	21.63
1364	21.65
1364	21.65
1365	21.67
1365	21.67
1366	21.68
1366	21.68
1367	21.7
1367	21.7
1368	21.71
1368	21.71
1369	21.73
1369	21.73
1370	21.75
1370	21.75
1370	21.75
1371	21.76
1371	21.76
1372	21.78
1372	21.78
1373	21.79
1373	21.79
1374	21.81
1374	21.81
1375	21.83
1375	21.83
1376	21.84
1376	21.84
1377	21.86
1377	21.86
1378	21.87
1378	21.87
1379	21.89
1379	21.89
1380	21.9
1380	21.9
1380	21.9
1381	21.92
1381	21.92
1382	21.94
1382	21.94
1383	21.95
1383	21.95
1384	21.97
1384	21.97
1385	21.98
1385	21.98
1386	22.0
1386	22.0
1387	22.02
1387	22.02
1388	22.03
1388	22.03
1389	22.05
1389	22.05
1390	22.06
1390	22.06
1390	22.06
1391	22.08
1391	22.08
1392	22.1
1392	22.1
1393	22.11
1393	22.11
1394	22.13
1394	22.13
1395	22.14
1395	22.14
1396	22.16
1396	22.16
1397	22.17
1397	22.17
1398	22.19
1398	22.19
1399	22.21
1399	22.21
1400	22.22
1400	22.22
1400	22.22
1401	22.24
1401	22.24
1402	22.25
1402	22.25
1403	22.27
1403	22.27
1404	22.29
1404	22.29
1405	22.3
1405	22.3
1406	22.32
1406	22.32
1407	22.33
1407	22.33
1408	22.35
1408	22.35
1409	22.37
1409	22.37
1410	22.38
1410	22.38
1410	22.38
1411	22.4
1411	22.4
1412	22.41
1412	22.41
1413	22.43
1413	22.43
1414	22.44
1414	22.44
1415	22.46
1415	22.46
1416	22.48
1416	22.48
1417	22.49
1417	22.49
1418	22.51
1418	22.51
1419	22.52
1419	22.52
1420	22.54
1420	22.54
1420	22.54
1421	22.56
1421	22.56
1422	22.57
1422	22.57
1423	22.59
1423	22.59
1424	22.6
1424	22.6
1425	22.62
1425	22.62
1426	22.63
1426	22.63
1427	22.65
1427	22.65
1428	22.67
1428	22.67
1429	22.68
1429	22.68
1430	22.7
1430	22.7
1430	22.7
1431	22.71
1431	22.71
1432	22.73
1432	22.73
1433	22.75
1433	22.75
1434	22.76
1434	22.76
1435	22.78
1435	22.78
1436	22.79
1436	22.79
1437	22.81
1437	22.81
1438	22.83
1438	22.83
1439	22.84
1439	22.84
1440	22.86
1440	22.86
1440	22.86
1441	22.87
1441	22.87
1442	22.89
1442	22.89
1443	22.9
1443	22.9
1444	22.92
1444	22.92
1445	22.94
1445	22.94
1446	22.95
1446	22.95
1447	22.97
1447	22.97
1448	22.98
1448	22.98
1449	23.0
1449	23.0
1450	23.02
1450	23.02
1450	23.02
1451	23.03
1451	23.03
1452	23.05
1452	23.05
1453	23.06
1453	23.06
1454	23.08
1454	23.08
1455	23.1
1455	23.1
1456	23.11
1456	23.11
1457	23.13
1457	23.13
1458	23.14
1458	23.14
1459	23.16
1459	23.16
1460	23.17
1460	23.17
1460	23.17
1461	23.19
1461	23.19
1462	23.21
1462	23.21
1463	23.22
1463	23.22
1464	23.24
1464	23.24
1465	23.25
1465	23.25
1466	23.27
1466	23.27
1467	23.29
1467	23.29
1468	23.3
1468	23.3
1469	23.32
1469	23.32
1470	23.33
1470	23.33
1470	23.33
1471	23.35
1471	23.35
1472	23.37
1472	23.37
1473	23.38
1473	23.38
1474	23.4
1474	23.4
1475	23.41
1475	23.41
1476	23.43
1476	23.43
1477	23.44
1477	23.44
1478	23.46
1478	23.46
1479	23.48
1479	23.48
1480	23.49
1480	23.49
1480	23.49
1481	23.51
1481	23.51
1482	23.52
1482	23.52
1483	23.54
1483	23.54
1484	23.56
1484	23.56
1485	23.57
1485	23.57
1486	23.59
1486	23.59
1487	23.6
1487	23.6
1488	23.62
1488	23.62
1489	23.63
1489	23.63
1490	23.65
1490	23.65
1490	23.65
1491	23.67
1491	23.67
1492	23.68
1492	23.68
1493	23.7
1493	23.7
1494	23.71
1494	23.71
1495	23.73
1495	23.73
1496	23.75
1496	23.75
1497	23.76
1497	23.76
1498	23.78
1498	23.78
1499	23.79
1500	23.79
1499	23.79
1499	23.79
1500	23.81
1500	23.81
1500	23.81
1500	23.81
1501	23.83
1501	23.83
1502	23.84
1502	23.84
1503	23.86
1503	23.86
1504	23.87
1504	23.87
1505	23.89
1505	23.89
1506	23.9
1506	23.9
1507	23.92
1507	23.92
1508	23.94
1508	23.94
1509	23.95
1509	23.95
1510	23.97
1510	23.97
1510	23.97
1511	23.98
1511	23.98
1512	24.0
1512	24.0
1513	24.02
1513	24.02
1514	24.03
1514	24.03
1515	24.05
1515	24.05
1516	24.06
1516	24.06
1517	24.08
1517	24.08
1518	24.1
1518	24.1
1519	24.11
1519	24.11
1520	24.13
1520	24.13
1520	24.13
1521	24.14
1521	24.14
1522	24.16
1522	24.16
1523	24.17
1523	24.17
1524	24.19
1524	24.19
1525	24.21
1525	24.21
1526	24.22
1526	24.22
1527	24.24
1527	24.24
1528	24.25
1528	24.25
1529	24.27
1529	24.27
1530	24.29
1530	24.29
1530	24.29
1531	24.3
1531	24.3
1532	24.32
1532	24.32
1533	24.33
1533	24.33
1534	24.35
1534	24.35
1535	24.37
1535	24.37
1536	24.38
1536	24.38
1537	24.4
1537	24.4
1538	24.41
1538	24.41
1539	24.43
1539	24.43
1540	24.44
1540	24.44
1540	24.44
1541	24.46
1541	24.46
1542	24.48
1542	24.48
1543	24.49
1543	24.49
1544	24.51
1544	24.51
1545	24.52
1545	24.52
1546	24.54
1546	24.54
1547	24.56
1547	24.56
1548	24.57
1548	24.57
1549	24.59
1549	24.59
1550	24.6
1550	24.6
1550	24.6
1551	24.62
1551	24.62
1552	24.63
1552	24.63
1553	24.65
1553	24.65
1554	24.67
1554	24.67
1555	24.68
1555	24.68
1556	24.7
1556	24.7
1557	24.71
1557	24.71
1558	24.73
1558	24.73
1559	24.75
1559	24.75
1560	24.76
1560	24.76
1560	24.76
1561	24.78
1561	24.78
1562	24.79
1562	24.79
1563	24.81
1563	24.81
1564	24.83
1564	24.83
1565	24.84
1565	24.84
1566	24.86
1566	24.86
1567	24.87
1567	24.87
1568	24.89
1568	24.89
1569	24.9
1569	24.9
1570	24.92
1570	24.92
1570	24.92
1571	24.94
1571	24.94
1572	24.95
1572	24.95
1573	24.97
1573	24.97
1574	24.98
1574	24.98
1575	25.0
1575	25.0
1576	25.02
1576	25.02
1577	25.03
1577	25.03
1578	25.05
1578	25.05
1579	25.06
1579	25.06
1580	25.08
1580	25.08
1580	25.08
1581	25.1
1581	25.1
1582	25.11
1582	25.11
1583	25.13
1583	25.13
1584	25.14
1584	25.14
1585	25.16
1585	25.16
1586	25.17
1586	25.17
1587	25.19
1587	25.19
1588	25.21
1588	25.21
1589	25.22
1589	25.22
1590	25.24
1590	25.24
1590	25.24
1591	25.25
1591	25.25
1592	25.27
1592	25.27
1593	25.29
1593	25.29
1594	25.3
1594	25.3
1595	25.32
1595	25.32
1596	25.33
1596	25.33
1597	25.35
1597	25.35
1598	25.37
1598	25.37
1599	25.38
1599	25.38
1600	25.4
1600	25.4
1600	25.4
1601	25.41
1601	25.41
1602	25.43
1602	25.43
1603	25.44
1603	25.44
1604	25.46
1604	25.46
1605	25.48
1605	25.48
1606	25.49
1606	25.49
1607	25.51
1607	25.51
1608	25.52
1608	25.52
1609	25.54
1609	25.54
1610	25.56
1610	25.56
1610	25.56
1611	25.57
1611	25.57
1612	25.59
1612	25.59
1613	25.6
1613	25.6
1614	25.62
1614	25.62
1615	25.63
1615	25.63
1616	25.65
1616	25.65
1617	25.67
1617	25.67
1618	25.68
1618	25.68
1619	25.7
1619	25.7
1620	25.71
1620	25.71
1620	25.71
1621	25.73
1621	25.73
1622	25.75
1622	25.75
1623	25.76
1623	25.76
1624	25.78
1624	25.78
1625	25.79
1625	25.79
1626	25.81
1626	25.81
1627	25.83
1627	25.83
1628	25.84
1628	25.84
1629	25.86
1629	25.86
1630	25.87
1630	25.87
1630	25.87
1631	25.89
1631	25.89
1632	25.9
1632	25.9
1633	25.92
1633	25.92
1634	25.94
1634	25.94
1635	25.95
1635	25.95
1636	25.97
1636	25.97
1637	25.98
1637	25.98
1638	26.0
1638	26.0
1639	26.02
1639	26.02
1640	26.03
1640	26.03
1640	26.03
1641	26.05
1641	26.05
1642	26.06
1642	26.06
1643	26.08
1643	26.08
1644	26.1
1644	26.1
1645	26.11
1645	26.11
1646	26.13
1646	26.13
1647	26.14
1647	26.14
1648	26.16
1648	26.16
1649	26.17
1649	26.17
1650	26.19
1650	26.19
1650	26.19
1651	26.21
1651	26.21
1652	26.22
1652	26.22
1653	26.24
1653	26.24
1654	26.25
1654	26.25
1655	26.27
1655	26.27
1656	26.29
1656	26.29
1657	26.3
1657	26.3
1658	26.32
1658	26.32
1659	26.33
1659	26.33
1660	26.35
1660	26.35
1660	26.35
1661	26.37
1661	26.37
1662	26.38
1662	26.38
1663	26.4
1663	26.4
1664	26.41
1664	26.41
1665	26.43
1665	26.43
1666	26.44
1666	26.44
1667	26.46
1667	26.46
1668	26.48
1668	26.48
1669	26.49
1669	26.49
1670	26.51
1670	26.51
1670	26.51
1671	26.52
1671	26.52
1672	26.54
1672	26.54
1673	26.56
1673	26.56
1674	26.57
1674	26.57
1675	26.59
1675	26.59
1676	26.6
1676	26.6
1677	26.62
1677	26.62
1678	26.63
1678	26.63
1679	26.65
1679	26.65
1680	26.67
1680	26.67
1680	26.67
1681	26.68
1681	26.68
1682	26.7
1682	26.7
1683	26.71
1683	26.71
1684	26.73
1684	26.73
1685	26.75
1685	26.75
1686	26.76
1686	26.76
1687	26.78
1687	26.78
1688	26.79
1688	26.79
1689	26.81
1689	26.81
1690	26.83
1690	26.83
1690	26.83
1691	26.84
1691	26.84
1692	26.86
1692	26.86
1693	26.87
1693	26.87
1694	26.89
1694	26.89
1695	26.9
1695	26.9
1696	26.92
1696	26.92
1697	26.94
1697	26.94
1698	26.95
1698	26.95
1699	26.97
1699	26.97
1700	26.98
1700	26.98
1700	26.98
1701	27.0
1701	27.0
1702	27.02
1702	27.02
1703	27.03
1703	27.03
1704	27.05
1704	27.05
1705	27.06
1705	27.06
1706	27.08
1706	27.08
1707	27.1
1707	27.1
1708	27.11
1708	27.11
1709	27.13
1709	27.13
1710	27.14
1710	27.14
1710	27.14
1711	27.16
1711	27.16
1712	27.17
1712	27.17
1713	27.19
1713	27.19
1714	27.21
1714	27.21
1715	27.22
1715	27.22
1716	27.24
1716	27.24
1717	27.25
1717	27.25
1718	27.27
1718	27.27
1719	27.29
1719	27.29
1720	27.3
1720	27.3
1720	27.3
1721	27.32
1721	27.32
1722	27.33
1722	27.33
1723	27.35
1723	27.35
1724	27.37
1724	27.37
1725	27.38
1725	27.38
1726	27.4
1726	27.4
1727	27.41
1727	27.41
1728	27.43
1728	27.43
1729	27.44
1729	27.44
1730	27.46
1730	27.46
1730	27.46
1731	27.48
1731	27.48
1732	27.49
1732	27.49
1733	27.51
1733	27.51
1734	27.52
1734	27.52
1735	27.54
1735	27.54
1736	27.56
1736	27.56
1737	27.57
1737	27.57
1738	27.59
1738	27.59
1739	27.6
1739	27.6
1740	27.62
1740	27.62
1740	27.62
1741	27.63
1741	27.63
1742	27.65
1742	27.65
1743	27.67
1743	27.67
1744	27.68
1744	27.68
1745	27.7
1745	27.7
1746	27.71
1746	27.71
1747	27.73
1747	27.73
1748	27.75
1748	27.75
1749	27.76
1749	27.76
1750	27.78
1750	27.78
1750	27.78
1751	27.79
1751	27.79
1752	27.81
1752	27.81
1753	27.83
1753	27.83
1754	27.84
1754	27.84
1755	27.86
1755	27.86
1756	27.87
1756	27.87
1757	27.89
1757	27.89
1758	27.9
1758	27.9
1759	27.92
1759	27.92
1760	27.94
1760	27.94
1760	27.94
1761	27.95
1761	27.95
1762	27.97
1762	27.97
1763	27.98
1763	27.98
1764	28.0
1764	28.0
1765	28.02
1765	28.02
1766	28.03
1766	28.03
1767	28.05
1767	28.05
1768	28.06
1768	28.06
1769	28.08
1769	28.08
1770	28.1
1770	28.1
1770	28.1
1771	28.11
1771	28.11
1772	28.13
1772	28.13
1773	28.14
1773	28.14
1774	28.16
1774	28.16
1775	28.17
1775	28.17
1776	28.19
1776	28.19
1777	28.21
1777	28.21
1778	28.22
1778	28.22
1779	28.24
1779	28.24
1780	28.25
1780	28.25
1780	28.25
1781	28.27
1781	28.27
1782	28.29
1782	28.29
1783	28.3
1783	28.3
1784	28.32
1784	28.32
1785	28.33
1785	28.33
1786	28.35
1786	28.35
1787	28.37
1787	28.37
1788	28.38
1788	28.38
1789	28.4
1789	28.4
1790	28.41
1790	28.41
1790	28.41
1791	28.43
1791	28.43
1792	28.44
1792	28.44
1793	28.46
1793	28.46
1794	28.48
1794	28.48
1795	28.49
1795	28.49
1796	28.51
1796	28.51
1797	28.52
1797	28.52
1798	28.54
1798	28.54
1799	28.56
1799	28.56
1800	28.57
1800	28.57
1800	28.57
1801	28.59
1801	28.59
1802	28.6
1802	28.6
1803	28.62
1803	28.62
1804	28.63
1804	28.63
1805	28.65
1805	28.65
1806	28.67
1806	28.67
1807	28.68
1807	28.68
1808	28.7
1808	28.7
1809	28.71
1809	28.71
1810	28.73
1810	28.73
1810	28.73
1811	28.75
1811	28.75
1812	28.76
1812	28.76
1813	28.78
1813	28.78
1814	28.79
1814	28.79
1815	28.81
1815	28.81
1816	28.83
1816	28.83
1817	28.84
1817	28.84
1818	28.86
1818	28.86
1819	28.87
1819	28.87
1820	28.89
1820	28.89
1820	28.89
1821	28.9
1821	28.9
1822	28.92
1822	28.92
1823	28.94
1823	28.94
1824	28.95
1824	28.95
1825	28.97
1825	28.97
1826	28.98
1826	28.98
1827	29.0
1827	29.0
1828	29.02
1828	29.02
1829	29.03
1829	29.03
1830	29.05
1830	29.05
1830	29.05
1831	29.06
1831	29.06
1832	29.08
1832	29.08
1833	29.1
1833	29.1
1834	29.11
1834	29.11
1835	29.13
1835	29.13
1836	29.14
1836	29.14
1837	29.16
1837	29.16
1838	29.17
1838	29.17
1839	29.19
1839	29.19
1840	29.21
1840	29.21
1840	29.21
1841	29.22
1841	29.22
1842	29.24
1842	29.24
1843	29.25
1843	29.25
1844	29.27
1844	29.27
1845	29.29
1845	29.29
1846	29.3
1846	29.3
1847	29.32
1847	29.32
1848	29.33
1848	29.33
1849	29.35
1849	29.35
1850	29.37
1850	29.37
1850	29.37
1851	29.38
1851	29.38
1852	29.4
1852	29.4
1853	29.41
1853	29.41
1854	29.43
1854	29.43
1855	29.44
1855	29.44
1856	29.46
1856	29.46
1857	29.48
1857	29.48
1858	29.49
1858	29.49
1859	29.51
1859	29.51
1860	29.52
1860	29.52
1860	29.52
1861	29.54
1861	29.54
1862	29.56
1862	29.56
1863	29.57
1863	29.57
1864	29.59
1864	29.59
1865	29.6
1865	29.6
1866	29.62
1866	29.62
1867	29.63
1867	29.63
1868	29.65
1868	29.65
1869	29.67
1869	29.67
1870	29.68
1870	29.68
1870	29.68
1871	29.7
1871	29.7
1872	29.71
1872	29.71
1873	29.73
1873	29.73
1874	29.75
1874	29.75
1875	29.76
1875	29.76
1876	29.78
1876	29.78
1877	29.79
1877	29.79
1878	29.81
1878	29.81
1879	29.83
1879	29.83
1880	29.84
1880	29.84
1880	29.84
1881	29.86
1881	29.86
1882	29.87
1882	29.87
1883	29.89
1883	29.89
1884	29.9
1884	29.9
1885	29.92
1885	29.92
1886	29.94
1886	29.94
1887	29.95
1887	29.95
1888	29.97
1888	29.97
1889	29.98
1889	29.98
1890	30.0
1890	30.0
1890	30.0
1891	30.02
1891	30.02
1892	30.03
1892	30.03
1893	30.05
1893	30.05
1894	30.06
1894	30.06
1895	30.08
1895	30.08
1896	30.1
1896	30.1
1897	30.11
1897	30.11
1898	30.13
1898	30.13
1899	30.14
1899	30.14
1900	30.16
1900	30.16
1900	30.16
1901	30.17
1901	30.17
1902	30.19
1902	30.19
1903	30.21
1903	30.21
1904	30.22
1904	30.22
1905	30.24
1905	30.24
1906	30.25
1906	30.25
1907	30.27
1907	30.27
1908	30.29
1908	30.29
1909	30.3
1909	30.3
1910	30.32
1910	30.32
1910	30.32
1911	30.33
1911	30.33
1912	30.35
1912	30.35
1913	30.37
1913	30.37
1914	30.38
1914	30.38
1915	30.4
1915	30.4
1916	30.41
1916	30.41
1917	30.43
1917	30.43
1918	30.44
1918	30.44
1919	30.46
1919	30.46
1920	30.48
1920	30.48
1920	30.48
1921	30.49
1921	30.49
1922	30.51
1922	30.51
1923	30.52
1923	30.52
1924	30.54
1924	30.54
1925	30.56
1925	30.56
1926	30.57
1926	30.57
1927	30.59
1927	30.59
1928	30.6
1928	30.6
1929	30.62
1929	30.62
1930	30.63
1930	30.63
1930	30.63
1931	30.65
1931	30.65
1932	30.67
1932	30.67
1933	30.68
1933	30.68
1934	30.7
1934	30.7
1935	30.71
1935	30.71
1936	30.73
1936	30.73
1937	30.75
1937	30.75
1938	30.76
1938	30.76
1939	30.78
1939	30.78
1940	30.79
1940	30.79
1940	30.79
1941	30.81
1941	30.81
1942	30.83
1942	30.83
1943	30.84
1943	30.84
1944	30.86
1944	30.86
1945	30.87
1945	30.87
1946	30.89
1946	30.89
1947	30.9
1947	30.9
1948	30.92
1948	30.92
1949	30.94
1949	30.94
1950	30.95
1950	30.95
1950	30.95
1951	30.97
1951	30.97
1952	30.98
1952	30.98
1953	31.0
1953	31.0
1954	31.02
1954	31.02
1955	31.03
1955	31.03
1956	31.05
1956	31.05
1957	31.06
1957	31.06
1958	31.08
1958	31.08
1959	31.1
1959	31.1
1960	31.11
1960	31.11
1960	31.11
1961	31.13
1961	31.13
1962	31.14
1962	31.14
1963	31.16
1963	31.16
1964	31.17
1964	31.17
1965	31.19
1965	31.19
1966	31.21
1966	31.21
1967	31.22
1967	31.22
1968	31.24
1968	31.24
1969	31.25
1969	31.25
1970	31.27
1970	31.27
1970	31.27
1971	31.29
1971	31.29
1972	31.3
1972	31.3
1973	31.32
1973	31.32
1974	31.33
1974	31.33
1975	31.35
1975	31.35
1976	31.37
1976	31.37
1977	31.38
1977	31.38
1978	31.4
1978	31.4
1979	31.41
1979	31.41
1980	31.43
1980	31.43
1980	31.43
1981	31.44
1981	31.44
1982	31.46
1982	31.46
1983	31.48
1983	31.48
1984	31.49
1984	31.49
1985	31.51
1985	31.51
1986	31.52
1986	31.52
1987	31.54
1987	31.54
1988	31.56
1988	31.56
1989	31.57
1989	31.57
1990	31.59
1990	31.59
1990	31.59
1991	31.6
1991	31.6
1992	31.62
1992	31.62
1993	31.63
1993	31.63
1994	31.65
1994	31.65
1995	31.67
1995	31.67
1996	31.68
1996	31.68
1997	31.7
1997	31.7
1998	31.71
1998	31.71
1999	31.73
2000	31.73
1999	31.73
1999	31.73
2000	31.75
2000	31.75
2000	31.75
2000	31.75
2001	31.76
2001	31.76
2002	31.78
2002	31.78
2003	31.79
2003	31.79
2004	31.81
2004	31.81
2005	31.83
2005	31.83
2006	31.84
2006	31.84
2007	31.86
2007	31.86
2008	31.87
2008	31.87
2009	31.89
2009	31.89
2010	31.9
2010	31.9
2010	31.9
2011	31.92
2011	31.92
2012	31.94
2012	31.94
2013	31.95
2013	31.95
2014	31.97
2014	31.97
2015	31.98
2015	31.98
2016	32.0
2016	32.0
2017	32.02
2017	32.02
2018	32.03
2018	32.03
2019	32.05
2019	32.05
2020	32.06
2020	32.06
2020	32.06
2021	32.08
2021	32.08
2022	32.1
2022	32.1
2023	32.11
2023	32.11
2024	32.13
2024	32.13
2025	32.14
2025	32.14
2026	32.16
2026	32.16
2027	32.17
2027	32.17
2028	32.19
2028	32.19
2029	32.21
2029	32.21
2030	32.22
2030	32.22
2030	32.22
2031	32.24
2031	32.24
2032	32.25
2032	32.25
2033	32.27
2033	32.27
2034	32.29
2034	32.29
2035	32.3
2035	32.3
2036	32.32
2036	32.32
2037	32.33
2037	32.33
2038	32.35
2038	32.35
2039	32.37
2039	32.37
2040	32.38
2040	32.38
2040	32.38
2041	32.4
2041	32.4
2042	32.41
2042	32.41
2043	32.43
2043	32.43
2044	32.44
2044	32.44
2045	32.46
2045	32.46
2046	32.48
2046	32.48
2047	32.49
2047	32.49
2048	32.51
2048	32.51
2049	32.52
2049	32.52
2050	32.54
2050	32.54
2050	32.54
2051	32.56
2051	32.56
2052	32.57
2052	32.57
2053	32.59
2053	32.59
2054	32.6
2054	32.6
2055	32.62
2055	32.62
2056	32.63
2056	32.63
2057	32.65
2057	32.65
2058	32.67
2058	32.67
2059	32.68
2059	32.68
2060	32.7
2060	32.7
2060	32.7
2061	32.71
2061	32.71
2062	32.73
2062	32.73
2063	32.75
2063	32.75
2064	32.76
2064	32.76
2065	32.78
2065	32.78
2066	32.79
2066	32.79
2067	32.81
2067	32.81
2068	32.83
2068	32.83
2069	32.84
2069	32.84
2070	32.86
2070	32.86
2070	32.86
2071	32.87
2071	32.87
2072	32.89
2072	32.89
2073	32.9
2073	32.9
2074	32.92
2074	32.92
2075	32.94
2075	32.94
2076	32.95
2076	32.95
2077	32.97
2077	32.97
2078	32.98
2078	32.98
2079	33.0
2079	33.0
2080	33.02
2080	33.02
2080	33.02
2081	33.03
2081	33.03
2082	33.05
2082	33.05
2083	33.06
2083	33.06
2084	33.08
2084	33.08
2085	33.1
2085	33.1
2086	33.11
2086	33.11
2087	33.13
2087	33.13
2088	33.14
2088	33.14
2089	33.16
2089	33.16
2090	33.17
2090	33.17
2090	33.17
2091	33.19
2091	33.19
2092	33.21
2092	33.21
2093	33.22
2093	33.22
2094	33.24
2094	33.24
2095	33.25
2095	33.25
2096	33.27
2096	33.27
2097	33.29
2097	33.29
2098	33.3
2098	33.3
2099	33.32
2099	33.32
2100	33.33
2100	33.33
2100	33.33
2101	33.35
2101	33.35
2102	33.37
2102	33.37
2103	33.38
2103	33.38
2104	33.4
2104	33.4
2105	33.41
2105	33.41
2106	33.43
2106	33.43
2107	33.44
2107	33.44
2108	33.46
2108	33.46
2109	33.48
2109	33.48
2110	33.49
2110	33.49
2110	33.49
2111	33.51
2111	33.51
2112	33.52
2112	33.52
2113	33.54
2113	33.54
2114	33.56
2114	33.56
2115	33.57
2115	33.57
2116	33.59
2116	33.59
2117	33.6
2117	33.6
2118	33.62
2118	33.62
2119	33.63
2119	33.63
2120	33.65
2120	33.65
2120	33.65
2121	33.67
2121	33.67
2122	33.68
2122	33.68
2123	33.7
2123	33.7
2124	33.71
2124	33.71
2125	33.73
2125	33.73
2126	33.75
2126	33.75
2127	33.76
2127	33.76
2128	33.78
2128	33.78
2129	33.79
2129	33.79
2130	33.81
2130	33.81
2130	33.81
2131	33.83
2131	33.83
2132	33.84
2132	33.84
2133	33.86
2133	33.86
2134	33.87
2134	33.87
2135	33.89
2135	33.89
2136	33.9
2136	33.9
2137	33.92
2137	33.92
2138	33.94
2138	33.94
2139	33.95
2139	33.95
2140	33.97
2140	33.97
2140	33.97
2141	33.98
2141	33.98
2142	34.0
2142	34.0
2143	34.02
2143	34.02
2144	34.03
2144	34.03
2145	34.05
2145	34.05
2146	34.06
2146	34.06
2147	34.08
2147	34.08
2148	34.1
2148	34.1
2149	34.11
2149	34.11
2150	34.13
2150	34.13
2150	34.13
2151	34.14
2151	34.14
2152	34.16
2152	34.16
2153	34.17
2153	34.17
2154	34.19
2154	34.19
2155	34.21
2155	34.21
2156	34.22
2156	34.22
2157	34.24
2157	34.24
2158	34.25
2158	34.25
2159	34.27
2159	34.27
2160	34.29
2160	34.29
2160	34.29
2161	34.3
2161	34.3
2162	34.32
2162	34.32
2163	34.33
2163	34.33
2164	34.35
2164	34.35
2165	34.37
2165	34.37
2166	34.38
2166	34.38
2167	34.4
2167	34.4
2168	34.41
2168	34.41
2169	34.43
2169	34.43
2170	34.44
2170	34.44
2170	34.44
2171	34.46
2171	34.46
2172	34.48
2172	34.48
2173	34.49
2173	34.49
2174	34.51
2174	34.51
2175	34.52
2175	34.52
2176	34.54
2176	34.54
2177	34.56
2177	34.56
2178	34.57
2178	34.57
2179	34.59
2179	34.59
2180	34.6
2180	34.6
2180	34.6
2181	34.62
2181	34.62
2182	34.63
2182	34.63
2183	34.65
2183	34.65
2184	34.67
2184	34.67
2185	34.68
2185	34.68
2186	34.7
2186	34.7
2187	34.71
2187	34.71
2188	34.73
2188	34.73
2189	34.75
2189	34.75
2190	34.76
2190	34.76
2190	34.76
2191	34.78
2191	34.78
2192	34.79
2192	34.79
2193	34.81
2193	34.81
2194	34.83
2194	34.83
2195	34.84
2195	34.84
2196	34.86
2196	34.86
2197	34.87
2197	34.87
2198	34.89
2198	34.89
2199	34.9
2199	34.9
2200	34.92
2200	34.92
2200	34.92
2201	34.94
2201	34.94
2202	34.95
2202	34.95
2203	34.97
2203	34.97
2204	34.98
2204	34.98
2205	35.0
2205	35.0
2206	35.02
2206	35.02
2207	35.03
2207	35.03
2208	35.05
2208	35.05
2209	35.06
2209	35.06
2210	35.08
2210	35.08
2210	35.08
2211	35.1
2211	35.1
2212	35.11
2212	35.11
2213	35.13
2213	35.13
2214	35.14
2214	35.14
2215	35.16
2215	35.16
2216	35.17
2216	35.17
2217	35.19
2217	35.19
2218	35.21
2218	35.21
2219	35.22
2219	35.22
2220	35.24
2220	35.24
2220	35.24
2221	35.25
2221	35.25
2222	35.27
2222	35.27
2223	35.29
2223	35.29
2224	35.3
2224	35.3
2225	35.32
2225	35.32
2226	35.33
2226	35.33
2227	35.35
2227	35.35
2228	35.37
2228	35.37
2229	35.38
2229	35.38
2230	35.4
2230	35.4
2230	35.4
2231	35.41
2231	35.41
2232	35.43
2232	35.43
2233	35.44
2233	35.44
2234	35.46
2234	35.46
2235	35.48
2235	35.48
2236	35.49
2236	35.49
2237	35.51
2237	35.51
2238	35.52
2238	35.52
2239	35.54
2239	35.54
2240	35.56
2240	35.56
2240	35.56
2241	35.57
2241	35.57
2242	35.59
2242	35.59
2243	35.6
2243	35.6
2244	35.62
2244	35.62
2245	35.63
2245	35.63
2246	35.65
2246	35.65
2247	35.67
2247	35.67
2248	35.68
2248	35.68
2249	35.7
2249	35.7
2250	35.71
2250	35.71
2250	35.71
2251	35.73
2251	35.73
2252	35.75
2252	35.75
2253	35.76
2253	35.76
2254	35.78
2254	35.78
2255	35.79
2255	35.79
2256	35.81
2256	35.81
2257	35.83
2257	35.83
2258	35.84
2258	35.84
2259	35.86
2259	35.86
2260	35.87
2260	35.87
2260	35.87
2261	35.89
2261	35.89
2262	35.9
2262	35.9
2263	35.92
2263	35.92
2264	35.94
2264	35.94
2265	35.95
2265	35.95
2266	35.97
2266	35.97
2267	35.98
2267	35.98
2268	36.0
2268	36.0
2269	36.02
2269	36.02
2270	36.03
2270	36.03
2270	36.03
2271	36.05
2271	36.05
2272	36.06
2272	36.06
2273	36.08
2273	36.08
2274	36.1
2274	36.1
2275	36.11
2275	36.11
2276	36.13
2276	36.13
2277	36.14
2277	36.14
2278	36.16
2278	36.16
2279	36.17
2279	36.17
2280	36.19
2280	36.19
2280	36.19
2281	36.21
2281	36.21
2282	36.22
2282	36.22
2283	36.24
2283	36.24
2284	36.25
2284	36.25
2285	36.27
2285	36.27
2286	36.29
2286	36.29
2287	36.3
2287	36.3
2288	36.32
2288	36.32
2289	36.33
2289	36.33
2290	36.35
2290	36.35
2290	36.35
2291	36.37
2291	36.37
2292	36.38
2292	36.38
2293	36.4
2293	36.4
2294	36.41
2294	36.41
2295	36.43
2295	36.43
2296	36.44
2296	36.44
2297	36.46
2297	36.46
2298	36.48
2298	36.48
2299	36.49
2299	36.49
2300	36.51
2300	36.51
2300	36.51
2301	36.52
2301	36.52
2302	36.54
2302	36.54
2303	36.56
2303	36.56
2304	36.57
2304	36.57
2305	36.59
2305	36.59
2306	36.6
2306	36.6
2307	36.62
2307	36.62
2308	36.63
2308	36.63
2309	36.65
2309	36.65
2310	36.67
2310	36.67
2310	36.67
2311	36.68
2311	36.68
2312	36.7
2312	36.7
2313	36.71
2313	36.71
2314	36.73
2314	36.73
2315	36.75
2315	36.75
2316	36.76
2316	36.76
2317	36.78
2317	36.78
2318	36.79
2318	36.79
2319	36.81
2319	36.81
2320	36.83
2320	36.83
2320	36.83
2321	36.84
2321	36.84
2322	36.86
2322	36.86
2323	36.87
2323	36.87
2324	36.89
2324	36.89
2325	36.9
2325	36.9
2326	36.92
2326	36.92
2327	36.94
2327	36.94
2328	36.95
2328	36.95
2329	36.97
2329	36.97
2330	36.98
2330	36.98
2330	36.98
2331	37.0
2331	37.0
2332	37.02
2332	37.02
2333	37.03
2333	37.03
2334	37.05
2334	37.05
2335	37.06
2335	37.06
2336	37.08
2336	37.08
2337	37.1
2337	37.1
2338	37.11
2338	37.11
2339	37.13
2339	37.13
2340	37.14
2340	37.14
2340	37.14
2341	37.16
2341	37.16
2342	37.17
2342	37.17
2343	37.19
2343	37.19
2344	37.21
2344	37.21
2345	37.22
2345	37.22
2346	37.24
2346	37.24
2347	37.25
2347	37.25
2348	37.27
2348	37.27
2349	37.29
2349	37.29
2350	37.3
2350	37.3
2350	37.3
2351	37.32
2351	37.32
2352	37.33
2352	37.33
2353	37.35
2353	37.35
2354	37.37
2354	37.37
2355	37.38
2355	37.38
2356	37.4
2356	37.4
2357	37.41
2357	37.41
2358	37.43
2358	37.43
2359	37.44
2359	37.44
2360	37.46
2360	37.46
2360	37.46
2361	37.48
2361	37.48
2362	37.49
2362	37.49
2363	37.51
2363	37.51
2364	37.52
2364	37.52
2365	37.54
2365	37.54
2366	37.56
2366	37.56
2367	37.57
2367	37.57
2368	37.59
2368	37.59
2369	37.6
2369	37.6
2370	37.62
2370	37.62
2370	37.62
2371	37.63
2371	37.63
2372	37.65
2372	37.65
2373	37.67
2373	37.67
2374	37.68
2374	37.68
2375	37.7
2375	37.7
2376	37.71
2376	37.71
2377	37.73
2377	37.73
2378	37.75
2378	37.75
2379	37.76
2379	37.76
2380	37.78
2380	37.78
2380	37.78
2381	37.79
2381	37.79
2382	37.81
2382	37.81
2383	37.83
2383	37.83
2384	37.84
2384	37.84
2385	37.86
2385	37.86
2386	37.87
2386	37.87
2387	37.89
2387	37.89
2388	37.9
2388	37.9
2389	37.92
2389	37.92
2390	37.94
2390	37.94
2390	37.94
2391	37.95
2391	37.95
2392	37.97
2392	37.97
2393	37.98
2393	37.98
2394	38.0
2394	38.0
2395	38.02
2395	38.02
2396	38.03
2396	38.03
2397	38.05
2397	38.05
2398	38.06
2398	38.06
2399	38.08
2399	38.08
2400	38.1
2400	38.1
2400	38.1
2401	38.11
2401	38.11
2402	38.13
2402	38.13
2403	38.14
2403	38.14
2404	38.16
2404	38.16
2405	38.17
2405	38.17
2406	38.19
2406	38.19
2407	38.21
2407	38.21
2408	38.22
2408	38.22
2409	38.24
2409	38.24
2410	38.25
2410	38.25
2410	38.25
2411	38.27
2411	38.27
2412	38.29
2412	38.29
2413	38.3
2413	38.3
2414	38.32
2414	38.32
2415	38.33
2415	38.33
2416	38.35
2416	38.35
2417	38.37
2417	38.37
2418	38.38
2418	38.38
2419	38.4
2419	38.4
2420	38.41
2420	38.41
2420	38.41
2421	38.43
2421	38.43
2422	38.44
2422	38.44
2423	38.46
2423	38.46
2424	38.48
2424	38.48
2425	38.49
2425	38.49
2426	38.51
2426	38.51
2427	38.52
2427	38.52
2428	38.54
2428	38.54
2429	38.56
2429	38.56
2430	38.57
2430	38.57
2430	38.57
2431	38.59
2431	38.59
2432	38.6
2432	38.6
2433	38.62
2433	38.62
2434	38.63
2434	38.63
2435	38.65
2435	38.65
2436	38.67
2436	38.67
2437	38.68
2437	38.68
2438	38.7
2438	38.7
2439	38.71
2439	38.71
2440	38.73
2440	38.73
2440	38.73
2441	38.75
2441	38.75
2442	38.76
2442	38.76
2443	38.78
2443	38.78
2444	38.79
2444	38.79
2445	38.81
2445	38.81
2446	38.83
2446	38.83
2447	38.84
2447	38.84
2448	38.86
2448	38.86
2449	38.87
2449	38.87
2450	38.89
2450	38.89
2450	38.89
2451	38.9
2451	38.9
2452	38.92
2452	38.92
2453	38.94
2453	38.94
2454	38.95
2454	38.95
2455	38.97
2455	38.97
2456	38.98
2456	38.98
2457	39.0
2457	39.0
2458	39.02
2458	39.02
2459	39.03
2459	39.03
2460	39.05
2460	39.05
2460	39.05
2461	39.06
2461	39.06
2462	39.08
2462	39.08
2463	39.1
2463	39.1
2464	39.11
2464	39.11
2465	39.13
2465	39.13
2466	39.14
2466	39.14
2467	39.16
2467	39.16
2468	39.17
2468	39.17
2469	39.19
2469	39.19
2470	39.21
2470	39.21
2470	39.21
2471	39.22
2471	39.22
2472	39.24
2472	39.24
2473	39.25
2473	39.25
2474	39.27
2474	39.27
2475	39.29
2475	39.29
2476	39.3
2476	39.3
2477	39.32
2477	39.32
2478	39.33
2478	39.33
2479	39.35
2479	39.35
2480	39.37
2480	39.37
2480	39.37
2481	39.38
2481	39.38
2482	39.4
2482	39.4
2483	39.41
2483	39.41
2484	39.43
2484	39.43
2485	39.44
2485	39.44
2486	39.46
2486	39.46
2487	39.48
2487	39.48
2488	39.49
2488	39.49
2489	39.51
2489	39.51
2490	39.52
2490	39.52
2490	39.52
2491	39.54
2491	39.54
2492	39.56
2492	39.56
2493	39.57
2493	39.57
2494	39.59
2494	39.59
2495	39.6
2495	39.6
2496	39.62
2496	39.62
2497	39.63
2497	39.63
2498	39.65
2498	39.65
2499	39.67
2500	39.67
2499	39.67
2499	39.67
2500	39.68
2500	39.68
2500	39.68
2500	39.68
2501	39.7
2501	39.7
2502	39.71
2502	39.71
2503	39.73
2503	39.73
2504	39.75
2504	39.75
2505	39.76
2505	39.76
2506	39.78
2506	39.78
2507	39.79
2507	39.79
2508	39.81
2508	39.81
2509	39.83
2509	39.83
2510	39.84
2510	39.84
2510	39.84
2511	39.86
2511	39.86
2512	39.87
2512	39.87
2513	39.89
2513	39.89
2514	39.9
2514	39.9
2515	39.92
2515	39.92
2516	39.94
2516	39.94
2517	39.95
2517	39.95
2518	39.97
2518	39.97
2519	39.98
2519	39.98
2520	40.0
2520	40.0
2520	40.0
2521	40.02
2521	40.02
2522	40.03
2522	40.03
2523	40.05
2523	40.05
2524	40.06
2524	40.06
2525	40.08
2525	40.08
2526	40.1
2526	40.1
2527	40.11
2527	40.11
2528	40.13
2528	40.13
2529	40.14
2529	40.14
2530	40.16
2530	40.16
2530	40.16
2531	40.17
2531	40.17
2532	40.19
2532	40.19
2533	40.21
2533	40.21
2534	40.22
2534	40.22
2535	40.24
2535	40.24
2536	40.25
2536	40.25
2537	40.27
2537	40.27
2538	40.29
2538	40.29
2539	40.3
2539	40.3
2540	40.32
2540	40.32
2540	40.32
2541	40.33
2541	40.33
2542	40.35
2542	40.35
2543	40.37
2543	40.37
2544	40.38
2544	40.38
2545	40.4
2545	40.4
2546	40.41
2546	40.41
2547	40.43
2547	40.43
2548	40.44
2548	40.44
2549	40.46
2549	40.46
2550	40.48
2550	40.48
2550	40.48
2551	40.49
2551	40.49
2552	40.51
2552	40.51
2553	40.52
2553	40.52
2554	40.54
2554	40.54
2555	40.56
2555	40.56
2556	40.57
2556	40.57
2557	40.59
2557	40.59
2558	40.6
2558	40.6
2559	40.62
2559	40.62
2560	40.63
2560	40.63
2560	40.63
2561	40.65
2561	40.65
2562	40.67
2562	40.67
2563	40.68
2563	40.68
2564	40.7
2564	40.7
2565	40.71
2565	40.71
2566	40.73
2566	40.73
2567	40.75
2567	40.75
2568	40.76
2568	40.76
2569	40.78
2569	40.78
2570	40.79
2570	40.79
2570	40.79
2571	40.81
2571	40.81
2572	40.83
2572	40.83
2573	40.84
2573	40.84
2574	40.86
2574	40.86
2575	40.87
2575	40.87
2576	40.89
2576	40.89
2577	40.9
2577	40.9
2578	40.92
2578	40.92
2579	40.94
2579	40.94
2580	40.95
2580	40.95
2580	40.95
2581	40.97
2581	40.97
2582	40.98
2582	40.98
2583	41.0
2583	41.0
2584	41.02
2584	41.02
2585	41.03
2585	41.03
2586	41.05
2586	41.05
2587	41.06
2587	41.06
2588	41.08
2588	41.08
2589	41.1
2589	41.1
2590	41.11
2590	41.11
2590	41.11
2591	41.13
2591	41.13
2592	41.14
2592	41.14
2593	41.16
2593	41.16
2594	41.17
2594	41.17
2595	41.19
2595	41.19
2596	41.21
2596	41.21
2597	41.22
2597	41.22
2598	41.24
2598	41.24
2599	41.25
2599	41.25
2600	41.27
2600	41.27
2600	41.27
2601	41.29
2601	41.29
2602	41.3
2602	41.3
2603	41.32
2603	41.32
2604	41.33
2604	41.33
2605	41.35
2605	41.35
2606	41.37
2606	41.37
2607	41.38
2607	41.38
2608	41.4
2608	41.4
2609	41.41
2609	41.41
2610	41.43
2610	41.43
2610	41.43
2611	41.44
2611	41.44
2612	41.46
2612	41.46
2613	41.48
2613	41.48
2614	41.49
2614	41.49
2615	41.51
2615	41.51
2616	41.52
2616	41.52
2617	41.54
2617	41.54
2618	41.56
2618	41.56
2619	41.57
2619	41.57
2620	41.59
2620	41.59
2620	41.59
2621	41.6
2621	41.6
2622	41.62
2622	41.62
2623	41.63
2623	41.63
2624	41.65
2624	41.65
2625	41.67
2625	41.67
2626	41.68
2626	41.68
2627	41.7
2627	41.7
2628	41.71
2628	41.71
2629	41.73
2629	41.73
2630	41.75
2630	41.75
2630	41.75
2631	41.76
2631	41.76
2632	41.78
2632	41.78
2633	41.79
2633	41.79
2634	41.81
2634	41.81
2635	41.83
2635	41.83
2636	41.84
2636	41.84
2637	41.86
2637	41.86
2638	41.87
2638	41.87
2639	41.89
2639	41.89
2640	41.9
2640	41.9
2640	41.9
2641	41.92
2641	41.92
2642	41.94
2642	41.94
2643	41.95
2643	41.95
2644	41.97
2644	41.97
2645	41.98
2645	41.98
2646	42.0
2646	42.0
2647	42.02
2647	42.02
2648	42.03
2648	42.03
2649	42.05
2649	42.05
2650	42.06
2650	42.06
2650	42.06
2651	42.08
2651	42.08
2652	42.1
2652	42.1
2653	42.11
2653	42.11
2654	42.13
2654	42.13
2655	42.14
2655	42.14
2656	42.16
2656	42.16
2657	42.17
2657	42.17
2658	42.19
2658	42.19
2659	42.21
2659	42.21
2660	42.22
2660	42.22
2660	42.22
2661	42.24
2661	42.24
2662	42.25
2662	42.25
2663	42.27
2663	42.27
2664	42.29
2664	42.29
2665	42.3
2665	42.3
2666	42.32
2666	42.32
2667	42.33
2667	42.33
2668	42.35
2668	42.35
2669	42.37
2669	42.37
2670	42.38
2670	42.38
2670	42.38
2671	42.4
2671	42.4
2672	42.41
2672	42.41
2673	42.43
2673	42.43
2674	42.44
2674	42.44
2675	42.46
2675	42.46
2676	42.48
2676	42.48
2677	42.49
2677	42.49
2678	42.51
2678	42.51
2679	42.52
2679	42.52
2680	42.54
2680	42.54
2680	42.54
2681	42.56
2681	42.56
2682	42.57
2682	42.57
2683	42.59
2683	42.59
2684	42.6
2684	42.6
2685	42.62
2685	42.62
2686	42.63
2686	42.63
2687	42.65
2687	42.65
2688	42.67
2688	42.67
2689	42.68
2689	42.68
2690	42.7
2690	42.7
2690	42.7
2691	42.71
2691	42.71
2692	42.73
2692	42.73
2693	42.75
2693	42.75
2694	42.76
2694	42.76
2695	42.78
2695	42.78
2696	42.79
2696	42.79
2697	42.81
2697	42.81
2698	42.83
2698	42.83
2699	42.84
2699	42.84
2700	42.86
2700	42.86
2700	42.86
2701	42.87
2701	42.87
2702	42.89
2702	42.89
2703	42.9
2703	42.9
2704	42.92
2704	42.92
2705	42.94
2705	42.94
2706	42.95
2706	42.95
2707	42.97
2707	42.97
2708	42.98
2708	42.98
2709	43.0
2709	43.0
2710	43.02
2710	43.02
2710	43.02
2711	43.03
2711	43.03
2712	43.05
2712	43.05
2713	43.06
2713	43.06
2714	43.08
2714	43.08
2715	43.1
2715	43.1
2716	43.11
2716	43.11
2717	43.13
2717	43.13
2718	43.14
2718	43.14
2719	43.16
2719	43.16
2720	43.17
2720	43.17
2720	43.17
2721	43.19
2721	43.19
2722	43.21
2722	43.21
2723	43.22
2723	43.22
2724	43.24
2724	43.24
2725	43.25
2725	43.25
2726	43.27
2726	43.27
2727	43.29
2727	43.29
2728	43.3
2728	43.3
2729	43.32
2729	43.32
2730	43.33
2730	43.33
2730	43.33
2731	43.35
2731	43.35
2732	43.37
2732	43.37
2733	43.38
2733	43.38
2734	43.4
2734	43.4
2735	43.41
2735	43.41
2736	43.43
2736	43.43
2737	43.44
2737	43.44
2738	43.46
2738	43.46
2739	43.48
2739	43.48
2740	43.49
2740	43.49
2740	43.49
2741	43.51
2741	43.51
2742	43.52
2742	43.52
2743	43.54
2743	43.54
2744	43.56
2744	43.56
2745	43.57
2745	43.57
2746	43.59
2746	43.59
2747	43.6
2747	43.6
2748	43.62
2748	43.62
2749	43.63
2749	43.63
2750	43.65
2750	43.65
2750	43.65
2751	43.67
2751	43.67
2752	43.68
2752	43.68
2753	43.7
2753	43.7
2754	43.71
2754	43.71
2755	43.73
2755	43.73
2756	43.75
2756	43.75
2757	43.76
2757	43.76
2758	43.78
2758	43.78
2759	43.79
2759	43.79
2760	43.81
2760	43.81
2760	43.81
2761	43.83
2761	43.83
2762	43.84
2762	43.84
2763	43.86
2763	43.86
2764	43.87
2764	43.87
2765	43.89
2765	43.89
2766	43.9
2766	43.9
2767	43.92
2767	43.92
2768	43.94
2768	43.94
2769	43.95
2769	43.95
2770	43.97
2770	43.97
2770	43.97
2771	43.98
2771	43.98
2772	44.0
2772	44.0
2773	44.02
2773	44.02
2774	44.03
2774	44.03
2775	44.05
2775	44.05
2776	44.06
2776	44.06
2777	44.08
2777	44.08
2778	44.1
2778	44.1
2779	44.11
2779	44.11
2780	44.13
2780	44.13
2780	44.13
2781	44.14
2781	44.14
2782	44.16
2782	44.16
2783	44.17
2783	44.17
2784	44.19
2784	44.19
2785	44.21
2785	44.21
2786	44.22
2786	44.22
2787	44.24
2787	44.24
2788	44.25
2788	44.25
2789	44.27
2789	44.27
2790	44.29
2790	44.29
2790	44.29
2791	44.3
2791	44.3
2792	44.32
2792	44.32
2793	44.33
2793	44.33
2794	44.35
2794	44.35
2795	44.37
2795	44.37
2796	44.38
2796	44.38
2797	44.4
2797	44.4
2798	44.41
2798	44.41
2799	44.43
2799	44.43
2800	44.44
2800	44.44
2800	44.44
2801	44.46
2801	44.46
2802	44.48
2802	44.48
2803	44.49
2803	44.49
2804	44.51
2804	44.51
2805	44.52
2805	44.52
2806	44.54
2806	44.54
2807	44.56
2807	44.56
2808	44.57
2808	44.57
2809	44.59
2809	44.59
2810	44.6
2810	44.6
2810	44.6
2811	44.62
2811	44.62
2812	44.63
2812	44.63
2813	44.65
2813	44.65
2814	44.67
2814	44.67
2815	44.68
2815	44.68
2816	44.7
2816	44.7
2817	44.71
2817	44.71
2818	44.73
2818	44.73
2819	44.75
2819	44.75
2820	44.76
2820	44.76
2820	44.76
2821	44.78
2821	44.78
2822	44.79
2822	44.79
2823	44.81
2823	44.81
2824	44.83
2824	44.83
2825	44.84
2825	44.84
2826	44.86
2826	44.86
2827	44.87
2827	44.87
2828	44.89
2828	44.89
2829	44.9
2829	44.9
2830	44.92
2830	44.92
2830	44.92
2831	44.94
2831	44.94
2832	44.95
2832	44.95
2833	44.97
2833	44.97
2834	44.98
2834	44.98
2835	45.0
2835	45.0
2836	45.02
2836	45.02
2837	45.03
2837	45.03
2838	45.05
2838	45.05
2839	45.06
2839	45.06
2840	45.08
2840	45.08
2840	45.08
2841	45.1
2841	45.1
2842	45.11
2842	45.11
2843	45.13
2843	45.13
2844	45.14
2844	45.14
2845	45.16
2845	45.16
2846	45.17
2846	45.17
2847	45.19
2847	45.19
2848	45.21
2848	45.21
2849	45.22
2849	45.22
2850	45.24
2850	45.24
2850	45.24
2851	45.25
2851	45.25
2852	45.27
2852	45.27
2853	45.29
2853	45.29
2854	45.3
2854	45.3
2855	45.32
2855	45.32
2856	45.33
2856	45.33
2857	45.35
2857	45.35
2858	45.37
2858	45.37
2859	45.38
2859	45.38
2860	45.4
2860	45.4
2860	45.4
2861	45.41
2861	45.41
2862	45.43
2862	45.43
2863	45.44
2863	45.44
2864	45.46
2864	45.46
2865	45.48
2865	45.48
2866	45.49
2866	45.49
2867	45.51
2867	45.51
2868	45.52
2868	45.52
2869	45.54
2869	45.54
2870	45.56
2870	45.56
2870	45.56
2871	45.57
2871	45.57
2872	45.59
2872	45.59
2873	45.6
2873	45.6
2874	45.62
2874	45.62
2875	45.63
2875	45.63
2876	45.65
2876	45.65
2877	45.67
2877	45.67
2878	45.68
2878	45.68
2879	45.7
2879	45.7
2880	45.71
2880	45.71
2880	45.71
2881	45.73
2881	45.73
2882	45.75
2882	45.75
2883	45.76
2883	45.76
2884	45.78
2884	45.78
2885	45.79
2885	45.79
2886	45.81
2886	45.81
2887	45.83
2887	45.83
2888	45.84
2888	45.84
2889	45.86
2889	45.86
2890	45.87
2890	45.87
2890	45.87
2891	45.89
2891	45.89
2892	45.9
2892	45.9
2893	45.92
2893	45.92
2894	45.94
2894	45.94
2895	45.95
2895	45.95
2896	45.97
2896	45.97
2897	45.98
2897	45.98
2898	46.0
2898	46.0
2899	46.02
2899	46.02
2900	46.03
2900	46.03
2900	46.03
2901	46.05
2901	46.05
2902	46.06
2902	46.06
2903	46.08
2903	46.08
2904	46.1
2904	46.1
2905	46.11
2905	46.11
2906	46.13
2906	46.13
2907	46.14
2907	46.14
2908	46.16
2908	46.16
2909	46.17
2909	46.17
2910	46.19
2910	46.19
2910	46.19
2911	46.21
2911	46.21
2912	46.22
2912	46.22
2913	46.24
2913	46.24
2914	46.25
2914	46.25
2915	46.27
2915	46.27
2916	46.29
2916	46.29
2917	46.3
2917	46.3
2918	46.32
2918	46.32
2919	46.33
2919	46.33
2920	46.35
2920	46.35
2920	46.35
2921	46.37
2921	46.37
2922	46.38
2922	46.38
2923	46.4
2923	46.4
2924	46.41
2924	46.41
2925	46.43
2925	46.43
2926	46.44
2926	46.44
2927	46.46
2927	46.46
2928	46.48
2928	46.48
2929	46.49
2929	46.49
2930	46.51
2930	46.51
2930	46.51
2931	46.52
2931	46.52
2932	46.54
2932	46.54
2933	46.56
2933	46.56
2934	46.57
2934	46.57
2935	46.59
2935	46.59
2936	46.6
2936	46.6
2937	46.62
2937	46.62
2938	46.63
2938	46.63
2939	46.65
2939	46.65
2940	46.67
2940	46.67
2940	46.67
2941	46.68
2941	46.68
2942	46.7
2942	46.7
2943	46.71
2943	46.71
2944	46.73
2944	46.73
2945	46.75
2945	46.75
2946	46.76
2946	46.76
2947	46.78
2947	46.78
2948	46.79
2948	46.79
2949	46.81
2949	46.81
2950	46.83
2950	46.83
2950	46.83
2951	46.84
2951	46.84
2952	46.86
2952	46.86
2953	46.87
2953	46.87
2954	46.89
2954	46.89
2955	46.9
2955	46.9
2956	46.92
2956	46.92
2957	46.94
2957	46.94
2958	46.95
2958	46.95
2959	46.97
2959	46.97
2960	46.98
2960	46.98
2960	46.98
2961	47.0
2961	47.0
2962	47.02
2962	47.02
2963	47.03
2963	47.03
2964	47.05
2964	47.05
2965	47.06
2965	47.06
2966	47.08
2966	47.08
2967	47.1
2967	47.1
2968	47.11
2968	47.11
2969	47.13
2969	47.13
2970	47.14
2970	47.14
2970	47.14
2971	47.16
2971	47.16
2972	47.17
2972	47.17
2973	47.19
2973	47.19
2974	47.21
2974	47.21
2975	47.22
2975	47.22
2976	47.24
2976	47.24
2977	47.25
2977	47.25
2978	47.27
2978	47.27
2979	47.29
2979	47.29
2980	47.3
2980	47.3
2980	47.3
2981	47.32
2981	47.32
2982	47.33
2982	47.33
2983	47.35
2983	47.35
2984	47.37
2984	47.37
2985	47.38
2985	47.38
2986	47.4
2986	47.4
2987	47.41
2987	47.41
2988	47.43
2988	47.43
2989	47.44
2989	47.44
2990	47.46
2990	47.46
2990	47.46
2991	47.48
2991	47.48
2992	47.49
2992	47.49
2993	47.51
2993	47.51
2994	47.52
2994	47.52
2995	47.54
2995	47.54
2996	47.56
2996	47.56
2997	47.57
2997	47.57
2998	47.59
2998	47.59
2999	47.6
3000	47.6
2999	47.6
2999	47.6
3000	47.62
3000	47.62
3000	47.62
3000	47.62
3001	47.63
3001	47.63
3002	47.65
3002	47.65
3003	47.67
3003	47.67
3004	47.68
3004	47.68
3005	47.7
3005	47.7
3006	47.71
3006	47.71
3007	47.73
3007	47.73
3008	47.75
3008	47.75
3009	47.76
3009	47.76
3010	47.78
3010	47.78
3010	47.78
3011	47.79
3011	47.79
3012	47.81
3012	47.81
3013	47.83
3013	47.83
3014	47.84
3014	47.84
3015	47.86
3015	47.86
3016	47.87
3016	47.87
3017	47.89
3017	47.89
3018	47.9
3018	47.9
3019	47.92
3019	47.92
3020	47.94
3020	47.94
3020	47.94
3021	47.95
3021	47.95
3022	47.97
3022	47.97
3023	47.98
3023	47.98
3024	48.0
3024	48.0
3025	48.02
3025	48.02
3026	48.03
3026	48.03
3027	48.05
3027	48.05
3028	48.06
3028	48.06
3029	48.08
3029	48.08
3030	48.1
3030	48.1
3030	48.1
3031	48.11
3031	48.11
3032	48.13
3032	48.13
3033	48.14
3033	48.14
3034	48.16
3034	48.16
3035	48.17
3035	48.17
3036	48.19
3036	48.19
3037	48.21
3037	48.21
3038	48.22
3038	48.22
3039	48.24
3039	48.24
3040	48.25
3040	48.25
3040	48.25
3041	48.27
3041	48.27
3042	48.29
3042	48.29
3043	48.3
3043	48.3
3044	48.32
3044	48.32
3045	48.33
3045	48.33
3046	48.35
3046	48.35
3047	48.37
3047	48.37
3048	48.38
3048	48.38
3049	48.4
3049	48.4
3050	48.41
3050	48.41
3050	48.41
3051	48.43
3051	48.43
3052	48.44
3052	48.44
3053	48.46
3053	48.46
3054	48.48
3054	48.48
3055	48.49
3055	48.49
3056	48.51
3056	48.51
3057	48.52
3057	48.52
3058	48.54
3058	48.54
3059	48.56
3059	48.56
3060	48.57
3060	48.57
3060	48.57
3061	48.59
3061	48.59
3062	48.6
3062	48.6
3063	48.62
3063	48.62
3064	48.63
3064	48.63
3065	48.65
3065	48.65
3066	48.67
3066	48.67
3067	48.68
3067	48.68
3068	48.7
3068	48.7
3069	48.71
3069	48.71
3070	48.73
3070	48.73
3070	48.73
3071	48.75
3071	48.75
3072	48.76
3072	48.76
3073	48.78
3073	48.78
3074	48.79
3074	48.79
3075	48.81
3075	48.81
3076	48.83
3076	48.83
3077	48.84
3077	48.84
3078	48.86
3078	48.86
3079	48.87
3079	48.87
3080	48.89
3080	48.89
3080	48.89
3081	48.9
3081	48.9
3082	48.92
3082	48.92
3083	48.94
3083	48.94
3084	48.95
3084	48.95
3085	48.97
3085	48.97
3086	48.98
3086	48.98
3087	49.0
3087	49.0
3088	49.02
3088	49.02
3089	49.03
3089	49.03
3090	49.05
3090	49.05
3090	49.05
3091	49.06
3091	49.06
3092	49.08
3092	49.08
3093	49.1
3093	49.1
3094	49.11
3094	49.11
3095	49.13
3095	49.13
3096	49.14
3096	49.14
3097	49.16
3097	49.16
3098	49.17
3098	49.17
3099	49.19
3099	49.19
3100	49.21
3100	49.21
3100	49.21
3101	49.22
3101	49.22
3102	49.24
3102	49.24
3103	49.25
3103	49.25
3104	49.27
3104	49.27
3105	49.29
3105	49.29
3106	49.3
3106	49.3
3107	49.32
3107	49.32
3108	49.33
3108	49.33
3109	49.35
3109	49.35
3110	49.37
3110	49.37
3110	49.37
3111	49.38
3111	49.38
3112	49.4
3112	49.4
3113	49.41
3113	49.41
3114	49.43
3114	49.43
3115	49.44
3115	49.44
3116	49.46
3116	49.46
3117	49.48
3117	49.48
3118	49.49
3118	49.49
3119	49.51
3119	49.51
3120	49.52
3120	49.52
3120	49.52
3121	49.54
3121	49.54
3122	49.56
3122	49.56
3123	49.57
3123	49.57
3124	49.59
3124	49.59
3125	49.6
3125	49.6
3126	49.62
3126	49.62
3127	49.63
3127	49.63
3128	49.65
3128	49.65
3129	49.67
3129	49.67
3130	49.68
3130	49.68
3130	49.68
3131	49.7
3131	49.7
3132	49.71
3132	49.71
3133	49.73
3133	49.73
3134	49.75
3134	49.75
3135	49.76
3135	49.76
3136	49.78
3136	49.78
3137	49.79
3137	49.79
3138	49.81
3138	49.81
3139	49.83
3139	49.83
3140	49.84
3140	49.84
3140	49.84
3141	49.86
3141	49.86
3142	49.87
3142	49.87
3143	49.89
3143	49.89
3144	49.9
3144	49.9
3145	49.92
3145	49.92
3146	49.94
3146	49.94
3147	49.95
3147	49.95
3148	49.97
3148	49.97
3149	49.98
3149	49.98
3150	50.0
3150	50.0
3150	50.0
3151	50.02
3151	50.02
3152	50.03
3152	50.03
3153	50.05
3153	50.05
3154	50.06
3154	50.06
3155	50.08
3155	50.08
3156	50.1
3156	50.1
3157	50.11
3157	50.11
3158	50.13
3158	50.13
3159	50.14
3159	50.14
3160	50.16
3160	50.16
3160	50.16
3161	50.17
3161	50.17
3162	50.19
3162	50.19
3163	50.21
3163	50.21
3164	50.22
3164	50.22
3165	50.24
3165	50.24
3166	50.25
3166	50.25
3167	50.27
3167	50.27
3168	50.29
3168	50.29
3169	50.3
3169	50.3
3170	50.32
3170	50.32
3170	50.32
3171	50.33
3171	50.33
3172	50.35
3172	50.35
3173	50.37
3173	50.37
3174	50.38
3174	50.38
3175	50.4
3175	50.4
3176	50.41
3176	50.41
3177	50.43
3177	50.43
3178	50.44
3178	50.44
3179	50.46
3179	50.46
3180	50.48
3180	50.48
3180	50.48
3181	50.49
3181	50.49
3182	50.51
3182	50.51
3183	50.52
3183	50.52
3184	50.54
3184	50.54
3185	50.56
3185	50.56
3186	50.57
3186	50.57
3187	50.59
3187	50.59
3188	50.6
3188	50.6
3189	50.62
3189	50.62
3190	50.63
3190	50.63
3190	50.63
3191	50.65
3191	50.65
3192	50.67
3192	50.67
3193	50.68
3193	50.68
3194	50.7
3194	50.7
3195	50.71
3195	50.71
3196	50.73
3196	50.73
3197	50.75
3197	50.75
3198	50.76
3198	50.76
3199	50.78
3199	50.78
3200	50.79
3200	50.79
3200	50.79
3201	50.81
3201	50.81
3202	50.83
3202	50.83
3203	50.84
3203	50.84
3204	50.86
3204	50.86
3205	50.87
3205	50.87
3206	50.89
3206	50.89
3207	50.9
3207	50.9
3208	50.92
3208	50.92
3209	50.94
3209	50.94
3210	50.95
3210	50.95
3210	50.95
3211	50.97
3211	50.97
3212	50.98
3212	50.98
3213	51.0
3213	51.0
3214	51.02
3214	51.02
3215	51.03
3215	51.03
3216	51.05
3216	51.05
3217	51.06
3217	51.06
3218	51.08
3218	51.08
3219	51.1
3219	51.1
3220	51.11
3220	51.11
3220	51.11
3221	51.13
3221	51.13
3222	51.14
3222	51.14
3223	51.16
3223	51.16
3224	51.17
3224	51.17
3225	51.19
3225	51.19
3226	51.21
3226	51.21
3227	51.22
3227	51.22
3228	51.24
3228	51.24
3229	51.25
3229	51.25
3230	51.27
3230	51.27
3230	51.27
3231	51.29
3231	51.29
3232	51.3
3232	51.3
3233	51.32
3233	51.32
3234	51.33
3234	51.33
3235	51.35
3235	51.35
3236	51.37
3236	51.37
3237	51.38
3237	51.38
3238	51.4
3238	51.4
3239	51.41
3239	51.41
3240	51.43
3240	51.43
3240	51.43
3241	51.44
3241	51.44
3242	51.46
3242	51.46
3243	51.48
3243	51.48
3244	51.49
3244	51.49
3245	51.51
3245	51.51
3246	51.52
3246	51.52
3247	51.54
3247	51.54
3248	51.56
3248	51.56
3249	51.57
3249	51.57
3250	51.59
3250	51.59
3250	51.59
3251	51.6
3251	51.6
3252	51.62
3252	51.62
3253	51.63
3253	51.63
3254	51.65
3254	51.65
3255	51.67
3255	51.67
3256	51.68
3256	51.68
3257	51.7
3257	51.7
3258	51.71
3258	51.71
3259	51.73
3259	51.73
3260	51.75
3260	51.75
3260	51.75
3261	51.76
3261	51.76
3262	51.78
3262	51.78
3263	51.79
3263	51.79
3264	51.81
3264	51.81
3265	51.83
3265	51.83
3266	51.84
3266	51.84
3267	51.86
3267	51.86
3268	51.87
3268	51.87
3269	51.89
3269	51.89
3270	51.9
3270	51.9
3270	51.9
3271	51.92
3271	51.92
3272	51.94
3272	51.94
3273	51.95
3273	51.95
3274	51.97
3274	51.97
3275	51.98
3275	51.98
3276	52.0
3276	52.0
3277	52.02
3277	52.02
3278	52.03
3278	52.03
3279	52.05
3279	52.05
3280	52.06
3280	52.06
3280	52.06
3281	52.08
3281	52.08
3282	52.1
3282	52.1
3283	52.11
3283	52.11
3284	52.13
3284	52.13
3285	52.14
3285	52.14
3286	52.16
3286	52.16
3287	52.17
3287	52.17
3288	52.19
3288	52.19
3289	52.21
3289	52.21
3290	52.22
3290	52.22
3290	52.22
3291	52.24
3291	52.24
3292	52.25
3292	52.25
3293	52.27
3293	52.27
3294	52.29
3294	52.29
3295	52.3
3295	52.3
3296	52.32
3296	52.32
3297	52.33
3297	52.33
3298	52.35
3298	52.35
3299	52.37
3299	52.37
3300	52.38
3300	52.38
3300	52.38
3301	52.4
3301	52.4
3302	52.41
3302	52.41
3303	52.43
3303	52.43
3304	52.44
3304	52.44
3305	52.46
3305	52.46
3306	52.48
3306	52.48
3307	52.49
3307	52.49
3308	52.51
3308	52.51
3309	52.52
3309	52.52
3310	52.54
3310	52.54
3310	52.54
3311	52.56
3311	52.56
